,z
UBE2Q1,-0.8613404616305779
RNF14,0.6126430395735285
UBE2Q2,-1.0712595792782191
TMCO1,2.0861314927575316
UBAC1,2.656245723353453
RAB4A,0.6180301728524843
ZNF706,3.4376713321303716
MIB2,-0.8173613198527168
RNF114,-0.5080163658757261
RNF115,-0.2778926752864137
RNF111,-3.8276545541444578
EEF1AKNMT,3.0602536684760735
UNKL,-0.38546157539613607
MMAB,-3.0773224160625743
UBE4A,-1.3356294249908314
DDX41,1.9833201594126684
ATMIN,-1.29926960005438
TSG101,2.3610823368510188
FBXW11,-0.7352173895264256
UBE2D4,-1.3028492123570978
RPS27A,-1.5000957988752437
UBE2D2,0.6103453248496686
ATP6V1H,2.0952400814343535
UBE2D1,-1.4054078172154534
MFSD11,-1.5681830440603899
CCT3,4.9328891927692196
LNX1,-2.5573924015518847
MRFAP1L1,0.582215681953852
GTF2B,-0.10716947943546233
FBXL13,-0.23222026415977534
FBXL12,-0.7019698871116022
FBXL15,2.0545513003916005
FBXL14,-0.5615092380638009
FBXL16,-0.4128720634697831
FBXL19,-0.8649183579983714
FBXL18,-1.0313085528293855
CCDC51,2.6962745697789554
PPP1R11,0.4496534258522752
AKTIP,0.7845752010571582
RNF41,0.21298812874346648
ANAPC1,2.421053077157333
ANAPC2,0.4585073704594176
ANAPC5,0.6848737587851379
ANAPC4,-1.5352474814982893
ANAPC7,-0.6600585433859242
ZNRF1,1.1133196999014927
LRR1,0.22078520916024724
ZNRF2,-0.49049654113400226
FBXO30,-0.8899200744692021
FBXO5,1.2033367155674082
FBXO32,-0.9143046003399699
EMC7,3.53761953927108
KLHL25,-0.20492613110880603
KLHL21,-0.5744225045845263
KLHL20,0.628905382033336
KLHL22,2.280441716761218
MKRN1,-2.3654303547469
SPSB2,-0.0965375506695088
SPSB1,-1.0802979449632863
TRIM50,-1.4719563915667746
SPSB4,-0.24610927189591053
ARF1,-0.3215034265426665
CDC34,-0.10217436135250543
AREL1,-2.1478204773207645
LONRF1,0.01908320755601393
CIAO2B,4.74614317134651
RNF25,-0.6871883008652139
UBE2V1,-1.1317972693968643
UBE2V2,1.847503674054962
RNF26,-0.5989436035113364
PSMD8,4.710299378013279
LMO7,-1.3675714989514396
MGRN1,-2.3386550539893776
DHX8,0.30419366426626465
SPCS1,4.755500978142221
ITCH,-3.386603238172839
PSMD4,3.56842916628413
FLAD1,3.5205786863635673
CBLL2,-2.833632942267128
ARIH2,-0.852386050191758
TRIP12,-1.0991712927915465
MEX3C,-1.1838511859232337
E2F6,-0.5937652660682815
SNW1,-0.993957687273936
PRCC,-0.6910840426703972
C3AR1,-1.3147837841205128
BTRC,-1.5922640153383854
TRIM11,0.8945058625012335
HUWE1,-0.6818156643077856
UFC1,3.0572578899549048
LRRC41,-0.6202493418409485
USP25,-1.6623378140475633
MOAP1,-0.0016917160466019111
ASB2,-0.9875783327759078
ASB1,-1.0720478652559924
ASB6,-0.00541778905516628
ASB7,-1.4504685499207521
ASB4,-2.3622860653925364
ASB5,-0.8418566831830123
ASB8,-0.7732275602499366
ASB9,-0.2448505493221773
PIP4K2C,-2.0636846827117394
ZMPSTE24,0.8366027803206001
MRPL34,6.161248180900504
UBE2R2,-1.0891269413429352
IMPA1,1.126816758912492
RNF19B,-0.7609381519059643
RNF19A,-1.072958170729617
RFX5,0.725395377978232
TRAIP,-1.461480382649023
UBA52,0.6358747819695476
KAT7,-1.7607523083285346
EXOSC7,3.469584681471841
ADAR,-0.20605924880496002
STK24,-3.256290409794276
GPR161,-2.324885049223534
UBE2E1,-0.7013783574511887
UBE2E3,0.4803324311579818
UBE2E2,0.02653084935494167
DLGAP3,4.461579401875845
JTB,4.0614115675618665
TRIM9,-1.0379043476002714
FBXL20,-0.7294634614542826
TRIM4,-1.186835542378827
FBXW12,-1.18879619850739
PI4KB,-1.3675338510642605
RNPEP,2.42630653982665
ELOB,3.954335330093767
FBXW8,-0.5058229589128476
SKP2,-0.5832534066893971
ZBTB16,-2.4427923418045103
SKP1,0.9065319240655264
DEDD,-1.3269607586863243
WDR26,-1.549511981896858
FBXW9,-0.32859989552639024
FBXO21,0.015944118629497888
FBXO27,-0.29760937110112656
HNRNPAB,2.4669146458931546
DDX19B,0.901767901174361
FBXO28,-0.27701206545736246
FBXW4,0.4762220697314194
FBXW5,-0.5509754230958469
FBXW7,-1.437210366001274
KLHL11,-0.11511444240745386
KLHL12,0.46832814328118844
LRSAM1,-1.6828214830869845
SH3RF1,-1.5479399861504204
CSTB,1.7163682434832563
GNB1,-2.450227756916964
UBE2D3,-0.5336156207666833
TRIM69,0.007199202814872405
JOSD1,-1.6001523386153962
TRIM63,-1.007225973605691
PIP5K1A,-3.305825477946169
KEAP1,1.422664145537288
ATP6V0C,1.9992949696933051
ERCC3,-0.3726309192098633
RNF34,-0.9901370591261932
TOR1A,0.8584918354743686
TOR1B,-1.322785484153215
RLIM,-0.9356130709791834
TMEM248,-0.4002766637791282
MFSD5,0.304646627734504
PSME3,2.0004010697511507
KBTBD13,-0.03731958472837612
DDX23,0.5182289941581666
ERP44,0.6207136325789154
ILF2,3.807685771886101
ASB10,-0.2672625539556368
UBE2J1,-1.742268938327297
UBE2J2,-0.8406149571691875
WWP1,-1.0108461018786952
BTBD1,1.5141348738760567
FBXO10,-0.32625911519912965
FBXO17,0.19974748172618598
FBXO15,-0.20328468436194203
ASB13,-0.8238908530857655
CAPRIN1,0.587046998165322
PPP1R7,2.4801554692699175
CERS2,0.6129622610805943
ASB17,-1.216844695496205
EIF4ENIF1,-0.25184054113789145
CUL5,-0.8781234365221782
CUL7,-1.0936167273587794
CUL1,-0.40128880643366915
CUL2,-0.31162300815805216
CUL3,-0.09438495624983953
TRIM27,0.6507343652718414
TRIM21,-1.1648883485276098
IRF2BPL,-0.5058105933626594
RNF138,0.24286608325104156
TOR1AIP1,-0.6436525030483604
DZIP3,-0.20042303998232455
RBBP6,-1.490321008541355
RNF182,-1.546067403168439
RBX1,4.008648764504497
RNF217,-0.03715442811483149
RNF213,-1.4834790093388182
SLBP,2.4508152852571077
SMURF1,-2.144287846921246
UBE2F-SCLY,-0.6256443592999368
SMURF2,0.4518950712037954
CDC16,-0.5081444085339606
UBAP2L,3.190207669458324
RNF130,-0.4384809425349539
B4GALT1,-2.4063938025452267
B4GALT3,0.10003075875447111
PJA2,0.6118896087469265
RIC8A,-0.7883759829301769
HERC1,-3.0809865993330443
HERC3,-2.296289495783688
HERC2,-0.8271854787079777
HERC5,-1.3630215081400008
HERC4,-2.677493697275818
HERC6,-1.235377593862664
MRPL9,3.7623688115645657
UBE2I,-2.121103982157668
UBE2H,-2.0972496849708375
UBE2K,-0.7005677523335885
UBE2M,1.856512618041151
UBE2O,-0.9259473362966631
UBE2N,1.5943804373645654
UBE2A,0.18255373630485586
UBE2C,-0.26183373085025313
UBE2B,-1.5241923096244643
UBE2F,-0.6061288629957914
UBA5,3.1115667269123435
RBCK1,-0.6258159016509964
UBE2S,1.799286348938072
UBE2U,-2.2261721885720593
UBE2T,1.9223160974333688
UBE2W,-0.15245172825224923
DPF2,-1.1832008173237032
UBA1,1.208586725836624
FBXO2,-1.16208526959098
FBXO4,-0.42527188743274164
FBXO6,-0.15536271925790754
FBXO7,-1.0519433748404343
FBXO9,0.3718098076825251
HACE1,-0.5005163107970918
SRPRB,3.3387728149237517
ASB11,-0.8902107921726999
FHL3,-1.5093053929551272
FBXO44,-0.5196561917134687
FBXO41,-0.44331331935219775
FBXO40,-2.305939682991573
NDUFA8,7.312820647147522
DET1,-0.6267970602547788
TP53,-2.019589005192567
MAEA,2.4963859685788297
TRIM71,-1.1943672670314136
BIRC6,-2.9907533734270104
PEX19,2.1455390855401424
MAP2K1,-0.606672938811341
ADPGK,-0.985205909358761
ANGEL2,-0.34611664593302416
RCHY1,1.7360541599471757
LYPD3,-1.5731089562189735
NSF,0.583760561666391
APEX1,3.7861099678965706
UBE2Z,1.0324022817052605
MAD2L1BP,1.1816878499346892
POGK,-0.052425544827043986
PPP1CA,0.5566918401580142
MYLIP,-0.9398019088291825
M6PR,0.39965539284654733
HECTD2,-0.23216325618951783
HECTD3,-1.9760323650597726
ASB12,-1.0119641429934667
HECTD1,-2.8028887174097665
ASB14,-0.22288159111170716
ASB15,-1.7272264409604603
ASB16,-0.6175659556333278
UBE2QL1,-0.6808975020106169
ASB18,-0.1813291443702486
DHX16,0.5380757542838921
AC022826.2,-0.6850213040727352
STUB1,2.183559192477455
ANAPC11,2.0852769869138665
ANAPC10,2.802684817514978
ANAPC13,2.1340493530091553
CSNK1D,-2.6366645156970674
UBR4,-1.928309530023084
WSB1,-2.2715427681577958
SCAMP3,3.020433033039409
CHTOP,2.686702735231854
KLHL5,-0.21485702402618667
KLHL2,-1.2184118070274583
KLHL3,-0.5070652274248977
UBR2,-2.367860917535156
UBR1,-2.053711776589486
FBXO22,2.4084972129890336
KLHL9,-0.82864547624179
FBXL8,-0.41605776715950316
SOCS1,-4.432390880101679
SOCS3,-4.588426441237746
FBXL3,-0.9173852782842427
FZR1,-4.752925860032
FBXL5,-1.2514244264685375
FBXL4,12.379973026778272
FBXL7,-1.7873890091639089
SUPT4H1,2.117878509723716
TMEM189-UBE2V1,-0.5347142815400608
UBB,-0.4641766942317389
UBC,2.402066902373921
RNF6,-1.4169385282953528
RNF7,0.4625007784451006
RNF4,-1.7687736205701234
TRIM39,-1.4512033882503255
TRIM32,-1.6107310922512197
TRIM37,-0.378523474713903
TRIM36,-1.22987931833946
UBE2L6,-1.745780073123017
UBE2L3,2.1678255318555983
KBTBD7,-0.5853947003955932
KBTBD6,-0.5138047995627022
UBE3B,-1.9950616689823963
UBE3C,0.05095434039462613
UBE3A,-0.8298531109431662
CCNF,-0.4353881944638822
UBE3D,-0.5571938594278582
KBTBD8,-0.3412566453205276
NGRN,2.8849863566750567
HTR2C,-0.28634786658829586
PCBP1,1.4132408856002776
RNF220,-0.9240830537209134
ECPAS,-1.1878102709337364
ARPC5,-1.4694020124326104
TRIM41,-1.9770695109737884
TAF7,-0.599597516431881
SLC25A44,0.5540291180027621
CDC27,-0.9959514456771074
CDC26,-0.6152436766222114
CDC23,2.0669417279583846
CDC20,0.6672011472067478
KLHL42,-0.48632670994754423
KLHL41,-0.6772004524591183
HECW2,-1.5576048222680934
RNF126,0.806799901898966
BTBD6,-0.22031644353211974
RNF123,-0.45515919372237973
DTX3L,-1.3898680401728398
COP1,-0.4652852534259354
NEDD4,0.39140141953023255
PFDN2,3.4069396671693193
SIAH1,-1.899174699824659
SIAH2,-1.3729387834034377
TCEAL1,1.261809666369411
RNF144B,-0.11032651745839346
PSMB4,5.012001081910203
KCTD6,-0.33525321243047457
HAX1,4.578567607437287
VHL,-0.22723530688256033
UBOX5,-1.3162702056003672
LTN1,-2.8272205484867694
UBE2G2,0.5558476564770498
UBE2G1,-0.11475057340387998
PJA1,-1.3899794081200265
UFL1,0.8612302468749113
RFXANK,1.12586203133706
RRAGA,1.3596096609396644
TRAF7,-1.3697324432854332
USP11,-1.885071636051386
C1QTNF2,-1.004030060729817
NEDD4L,-1.483184740955024
SCFD1,3.9268035435489566
RNF11,-1.6859167220822815
UBL3,-0.8637844169161879
HSPA4,2.7085007316571565
SUMO1,2.1751064151473534
HSPA9,5.421310276094425
SEC23IP,0.9574063901490365
ANKIB1,-1.9584110332065914
COMMD8,2.5344914342310862
C6orf120,1.4396428569420339
CDC73,-1.4324206298718063
PIK3CA,-6.077554989005232
RMND5A,2.188826560357497
PRKAG1,2.1414057073741244
FAM114A2,-0.24617081348044118
ABCD3,3.4388170407871517
HBS1L,2.8341235839613734
RAB9A,-0.8386820250966438
WRB,2.5281321523520472
NIPSNAP2,2.966557361489488
SP3,-3.44248322188973
AP5M1,1.5288372219801845
TMEM9B,0.11359113841702298
DHX29,1.2428184184178908
TMEM184C,1.1143101755401612
GPI,-2.9827481343414015
SNAP23,-3.155633031860234
PTER,2.401873919372184
ARHGAP12,-2.6704076342946483
TCF12,-2.96837832797298
CTCF,-0.3589905359616896
ATP6V1D,2.1503074079604967
RPS6KC1,0.25001576968260425
ATP6V1A,0.7839646478647464
ALDH3A2,0.9484013474969455
PUM2,-2.834983221807396
ISCA1,4.670412263348372
SPTSSA,0.3704962848777715
ARNTL,-0.7702949442284139
RWDD2A,-0.6496648324048924
BUB3,3.182551960986405
XPO7,0.4188566444999762
RWDD2B,1.6329862962713135
APOO,5.748887528524718
CETN3,3.287354005641158
CTNNB1,0.7070132413809282
JAK2,-4.6055697734951515
TMED10,-0.00505723150756302
KIF1BP,1.9750182919604444
TSPYL1,1.2841268379114505
ZNF226,-1.1564338002139234
CHUK,-0.1677941819832077
INSIG2,-0.5980084900166216
CSGALNACT2,-1.6979991704568154
SLC39A6,-1.0823396182862042
PREPL,2.4212373061467347
RPS6KA3,-3.793289792038293
CSNK1A1,-2.203740950778169
C5orf15,-0.5554542108522801
GFM2,5.386821411713912
ATAD1,2.722821758422444
SLC35B3,0.2376252727682521
TTC37,3.6962125921379334
MINDY3,2.6601114453910806
MINDY2,0.23110468141308071
EMC2,1.293098079880423
MINPP1,1.4313420643972796
FBXO38,0.6799892846832811
ECHDC1,3.532935627591853
SOAT1,-0.5688983572322174
SMAD4,-3.4990461300131206
RAP1B,-2.36883685852793
RAP1A,-1.3580627285206917
AP1AR,-0.1383468827638688
DCTN4,-1.3094834994179294
LRIF1,-1.4774399119537946
NCOA4,2.259989575663829
CCNDBP1,-0.44662536244717604
CRYZL1,2.301362868717103
ALAS1,2.9303265088352126
CRBN,0.4285680146364594
TM9SF3,-0.6621751344934274
TM9SF2,-0.3516646013119771
TOGARAM1,-1.515209908088177
AUH,2.501698904974878
TMEM59,1.306882730704089
CIAO2A,3.560769692961202
TCEA1P2,1.2799002401515547
PRKAR1A,-1.8975087182763695
SAR1B,1.4939972238296924
SCAF8,-0.7474587275262787
CAPZA2,-0.8063612906721267
PEX7,2.931976453917781
PRRC1,2.7151936651251165
SUCLA2,18.948031328281157
ATP6V1E1,4.122252226114591
TBCA,3.888494065596554
MORC3,-2.598017493504515
ACTR10,1.1442122560056358
CPEB4,-2.5521356332834735
TMEM251,3.0883189828632713
CAT,1.2574148473563018
EI24,2.4380749553614223
RAB2A,-0.5716071009771476
C10orf88,-0.5629625510366982
EPS8,-3.8783463271961263
EPS15,-2.825506577881901
TOB1,-0.8776702385024698
PRMT2,-1.5011215834927676
CLIP1,-2.469051503108149
HNF1A,-3.6372557517653994
ETNK1,0.31746116075964337
ATP6V1B2,0.7194411049764098
CDC37L1,0.44261765854469887
ARIH1,-0.5131746634107571
CD46,-2.424582603769364
HIKESHI,4.63336426003609
FPGT,0.3418876164613898
LPIN2,-1.8501697090253686
CGRRF1,0.5219550429459776
RAB21,-0.44566631866161943
LACTB2,2.789656104815344
DMXL1,-1.3058530744896708
NCK1,-2.7626838849571125
EXOC5,-0.42560350897482996
MBD4,1.9162172893128608
PPP3CB,-0.27769861227021914
SPG11,-2.3077862328323966
BZW1,0.8252289413528975
MPC2,4.247002041650705
MARCH5,5.033726518300578
MARCH7,-1.4207035115794595
RCBTB1,-1.4128551153358404
SLC25A12,4.021248570375797
ADSS,2.821008328373113
B3GNT2,-1.981857387928752
NFE2L2,-2.6761582322210464
DYNLT3,-0.39647381738343884
TTC5,1.4843411045393495
RARS,5.24507652939984
GMCL1,-1.6880557855971403
ZNF263,-2.3695700308234824
MTMR6,-2.280912675331957
TSNAX,-0.34808560725333926
UTP14C,0.9901940053913604
SEC24A,-2.9086709604585885
TERF2IP,-0.7717908318533658
SIGLEC10,-2.016980250621787
SIGLEC11,-1.9325137745555798
SH3BGRL,-1.504402558258762
HTATIP2,2.437977862537878
SYPL1,0.5299970484122734
OSBPL11,-1.27604635609742
SCARB2,-2.7374901565760266
MRPL42,5.459304531600775
RNF103,-2.7125036532374387
APC,-1.3446332451028646
UQCRFS1,8.074128557788725
YIPF5,-0.401665308488327
YIPF6,-1.494636378301672
SNX2,-0.03430141824753422
SNX1,-0.4306502076310107
ARFIP1,-0.5484013057842598
COPS2,0.7824970042305065
SERINC1,-1.3996445779993472
COPS4,3.430533624803685
ALG5,1.805161078942794
MED7,1.1140527832365075
BLCAP,0.9929374000798712
SUB1,3.1123789285642265
RAB11A,-1.8330311570221398
DERL1,0.1793672948624995
C11orf58,2.7956148830011998
MAP1LC3B,-1.7760632325083932
OGA,-2.3657167387529507
TCF7L2,-4.749814978698021
TCF7L1,-3.8751998418033997
DLD,7.940713736270862
DNAJB9,-1.038569708997518
C12orf29,2.246661979358545
RFK,2.2634449510912207
HAT1,4.449140748918026
C18orf32,1.1778717041784568
KDM3B,-3.9175216971523623
RALB,-3.1601363449846844
MMUT,1.6829262526234554
TMEM126B,14.470224915445423
CCDC47,1.065953315766756
ZNF236,-2.7725437076566055
AIDA,0.31725048475836065
STXBP3,-2.22728079947852
PRKAR2B,-2.643647797942882
AL136295.5,-0.6186914484628641
FECH,3.26051706388708
BET1,-0.5142131869652445
TMEM14B,6.112697328606546
TMEM14A,1.9609041637496005
PSEN2,-1.6560714192123311
PSEN1,-1.422726494289057
DNAJB6,0.47468429862865713
ETF1,2.5538655073231435
NDFIP1,1.9178156620720952
CHPT1,-0.9278744408744356
TRAPPC11,-0.6137219637716541
TRAPPC13,-0.32430886941854536
RAB14,-1.1034445553090855
THAP1,-0.0519522107468031
HNRNPA1,0.8447058600032981
RAB6A,-2.1415973816637073
RTCA,3.077660459143428
ACOX1,0.4932216478309915
STX7,-0.15276462376071573
SHOC2,-3.6315620687954575
SGPP1,-0.7666909733929141
RNF141,-3.045393680684914
ATP6V1G1,2.2547155542885275
TBCEL,-0.9015896056208756
GRSF1,3.8485294697527106
CAB39,-1.3708681858923668
PRKN,0.5495851275446516
NFYB,-1.6454415225565864
MEGF9,-2.2507565209262252
RNF38,-2.9043169787907472
SMARCA2,-3.594357746577976
RNF31,-1.6027508917944873
IMPACT,0.9812030618687825
NPTN,-0.022281249919880557
GABARAPL2,0.9680905438127853
DDHD2,-0.06471604525763763
MTX2,5.55228029022982
FEM1B,-1.6461285960512473
ARL6IP5,-0.1831497280316527
PCMTD2,-2.0159445074158278
COPA,-1.2202292855667753
MAT2B,0.9095766581181042
MFSD1,0.4774611463883627
MOGAT2,-0.4897740088266247
GLRX,1.7383475057521538
VTN,-1.7477625679997324
CTNNA1,-1.2017749048278619
VAMP3,-3.0776661473939653
VAMP4,-0.2389556911809188
VAMP7,-0.705818954192016
WDR47,-1.8068502055564837
ROCK1,-3.428220208627964
CUL4A,-0.23828651785421154
DCAF6,1.440658469399522
WBP4,0.4809309914554814
PCCB,5.6445841431064725
NDUFB5,7.302718494408677
FAM3C,0.24493065420115642
NARS,5.7748176589856826
SLC30A5,0.5432145674361832
TOPORS,-3.24764213713007
TENT5A,-0.46242243809378064
CUL9,-0.6195305059933512
CLINT1,-1.103688699142989
PPP3R1,-1.7500626145878564
KLHDC10,-0.6264211516611077
SEC62,0.00022488446475995305
ANKRD46,1.1099606367948787
ZNF200,-0.8433499192959975
CLCN3,-1.159824257595185
IDH1,3.61986354931973
SH3GLB1,-1.782860558646679
TRIM23,-2.4490958426745175
USP21,1.7917808660640546
GHITM,4.98834863788746
PTPN11,-2.2986073891466705
JKAMP,1.0633497299722385
PGGT1B,-1.0796996056779913
CCDC28A,1.1020527128611846
KIN,1.5152001755368525
KPNA1,-1.034056145671373
COPB1,-1.0078389198543118
RNF216,-1.5159256153294507
MED21,1.5688123234458267
KAT2B,-3.025731309875306
IARS2,17.780529403136843
PPM1B,-3.7494752059774963
PPM1A,-1.6982342833517747
CLDND1,0.8259816703110304
VPS37A,-0.5360979596221023
PNPLA7,1.0950278569224279
ARMC1,4.2292753571855375
UNC50,2.088243188049767
GSPT2,0.6375558461307782
GSPT1,2.3450613948691807
BECN1,0.23310030412529037
RNF144A,-1.30171719222351
MAN2A1,-2.8601854783427623
UBA6,-1.331840564277491
UBA7,-2.7509974850522765
ATG12,-0.880775430826126
UBA3,1.491184349247556
RWDD3,-0.07401026509372466
MRPS27,6.103406125469986
UEVLD,0.5059251075373075
VPS26C,-0.32251665599135065
PHF7,-4.150123771108435
BAG2,2.817253241220453
FBXO3,0.5612994458332546
RHOT1,0.577387530449102
FBXO8,0.16607024523143568
BCAS2,1.794130333643507
CAPN7,-0.2793608482681251
OPTN,-0.9319291624939945
SNX13,-1.6510481611392454
SEC23A,-1.4464632945007712
ADIPOR1,0.417896150254897
SNX19,-0.6872412919895949
ERC2,-1.647520779094046
BNIP2,-2.638744070092488
DPM1,2.666112016574051
NDUFA6,8.060250144854503
NDUFA5,8.057908701208033
FBXO43,-0.7270389736053547
PRDX3,5.420352251285659
RABIF,1.3896554189014854
RWDD4,0.9709126181471683
GALC,-1.9673726666685234
ATXN10,2.649622485173864
ESR2,-4.1534874468382545
EFCAB14,-1.3021563808637304
NRBF2,-0.4345380871320718
GOLT1B,4.5586274010755865
MRPS35,5.9996681295537995
ISOC1,2.8015791616456265
RWDD1,4.131477670592509
EIF2AK4,2.1896653113666393
HIBCH,2.3338787070952134
DTD1,3.1322510181782857
NECAP1,-0.11250842736861075
BPGM,-0.26529572749448377
UFM1,-1.1920703491123166
BIRC2,-0.3825584163323927
MOSPD1,0.019088972827016205
MDH1,6.393297837449878
MAP2K4,-2.3237580588784734
PEX13,-0.20755380304904947
LPGAT1,-0.874492432039217
MICU2,2.289159789796214
RNF170,0.37983142494201894
ECT2,0.9102172484340215
STAM2,-2.662319774722644
SCAMP1,-0.6060990929317981
TMEM192,-0.8238461262068053
SYNJ1,-3.089472520181874
GLT8D1,0.05539266226465651
ATP5MC3,8.65021048553125
CNIH1,3.7272557076200483
ANXA4,-0.41012462990175863
ANXA7,1.2326728279346633
NUMB,-4.172896151379181
HLTF,0.5550424225931986
TAGLN,-3.976400076810214
PPP1CB,-0.4003669026739345
RNFT1,-0.9374071041363276
C1D,1.0745803817735118
HADHB,3.994588506269647
NDUFS4,15.147602977088429
PICALM,-4.638536964447652
TM2D1,0.2511718990759513
TMOD3,-2.2581372775678688
WASHC5,0.4536341170062103
LYPLA1,2.4371207107417083
SEC24B,-1.421898667646769
SRP9,2.23846867936071
OAT,4.272507600002521
KIFAP3,-0.3199771527628546
LEF1,1.6105760191690488
CANX,-0.660179434138891
NDUFAB1,9.303754057865564
ZNF140,-2.5025765579101575
MRPL3,6.637779387153493
MMADHC,4.377478333263089
LIG4,3.6882368510907266
GOLGA7,0.6152606809023871
NNT,15.671602711961217
SOD1,4.141040138742316
SEC63,-0.9234206405924674
SARAF,1.474765601110045
GARS,1.5578862105863824
TRMT1L,1.563217146238792
TDP2,1.4524290957459272
SCOC,1.1342677501135972
ACYP2,3.2315228595541376
PPP2CA,-0.08871457744858073
ACSL3,0.8849409963067396
WDR59,-1.5631329646522467
ASF1A,2.273172583194169
RNF8,-1.548367264960058
CCNH,3.1593499987556797
ZNF217,-3.672277104758511
VDR,-4.201210961474426
METAP1,3.1022291442363445
TRAK2,-0.23627487751208817
PCMT1,4.19428104870281
SLC25A32,2.681319487590369
PNMA1,-0.48944480398486134
NMD3,1.043929436762502
FAM177A1,-0.5563258793203806
DCTN6,1.6190325132130954
CMAS,4.409455392754884
LANCL1,1.662125623961839
SLC35A1,-0.6825328275910567
SLC35A3,1.1556479008819993
UBXN4,-1.0860294106897639
PRELID3B,1.1961290360004841
ORC4,3.4220105538381205
C5orf22,1.833336739042032
TTC1,4.746296855223267
RCN2,1.1979658971272598
DCUN1D1,-0.18588407031902596
SLC26A2,-0.8678891136581747
DYNC1LI1,0.21538600862456636
POLR2B,1.7742687980280614
TRIP4,0.38186250832984114
POLR2K,3.1476792611579905
STRN3,-1.254198161737375
HADH,6.004987283438909
SLC25A46,2.4632110855383242
TNFAIP3,-4.586530972208368
FAM8A1,-0.8442303710070043
AP3B1,-1.1262126916976267
RBM22,-1.345165614411935
SNCA,3.4891583458418127
ACTR6,2.0985030791089634
STAMBP,2.147701566552508
APOOL,2.7661588079214794
SDCBP,-2.7117219521839218
ATP5PF,6.685294426695077
CCNG2,-2.918715707861302
ATP5PO,18.859681572764572
PCDHB11,3.4622921601080527
NCOR1,-1.907766674593343
LMBR1,1.212888918719513
TMED7,-1.1018262961652756
TBC1D9,-2.2600259631027955
ACSL4,-0.3156558478797955
TMED2,0.4577176531435665
ARPP19,1.0482182445535986
MRPS30,6.246998564839251
MAPK1,-0.4738208460595086
MAPK6,-1.6682795031542048
SACM1L,-0.7520218452563252
TMEM30A,-0.8463605887137718
MAPK9,-0.9888109720965141
REEP5,0.3923350372388371
ARMT1,3.1730007965192866
RBL2,-0.3796804773821737
PAQR3,1.1513291265038001
RDX,-1.4843974689848414
SERINC3,0.39083119504502883
COPS5,3.7222945161491
CRNKL1,-0.7162847983869636
DEGS1,-0.2085914691612917
YTHDC2,-0.25720573544495606
VPS26A,-0.004384503117087753
SPAST,-1.9684114857196895
ITFG1,0.8995569731069522
MORF4L1,-0.5294479623677344
PRKACB,-3.6923011032002186
PGRMC1,0.9188637219445798
DECR1,3.9610649999327676
TMEM230,2.5290279432105085
ARFGAP3,-1.0735312463060638
CLPX,5.204344991573241
LRBA,2.324569827074704
ACVR1,-1.789891303003504
CD59,0.16212083356911572
CTDSP2,1.6551064396773048
NRIP1,-3.2637469370269647
DERA,2.811891781405939
CAND1,0.7539735750033548
UBQLN2,-2.484124272096668
BLZF1,-2.209009834951957
HIGD1A,3.9627702049495928
GCLC,-0.3814462536483553
NR3C2,-2.356255865286235
NR3C1,-5.51743844279309
SRI,1.7056854520904927
CRYZ,2.5005852046821557
GTF2H1,0.00843473116978662
USP12P1,-2.0449672565207
TMX4,1.04664853242387
AKR1B1,-2.207245741254621
TMX1,0.9202847972060084
DACH1,-1.4746334490869308
CDV3,2.0292609677901265
COX7A2L,6.773010937899732
SEC22B,-1.0943773772412633
DAZAP2,-1.490569134618881
ESR1,-5.804430748622511
TAB2,-1.6081264301142766
CD164,-0.4492752651892187
RIOK3,-1.170758147020731
TARBP1,1.3267316400227602
ACTL6A,0.9273836438281029
SDHB,19.37637836487183
GDNF,-1.0127356756968775
SDHD,6.643521421122751
RNF10,-1.2167685421270928
DBN1,-2.8590493021943346
ACTG1,0.253916240245977
BLOC1S2,1.0055826110157127
COMMD2,0.5462993262933473
CAPZB,-0.01492936206991258
ELAVL1,-2.497708209649631
RC3H2,-2.192488459067994
ARL13B,-0.46169142158733467
GFM1,4.889605414936536
ITGAV,-4.382451000431373
SMAD5,-2.560403501569497
AP3M1,0.46360523233507234
SMAD2,-0.7520157892613716
MIB1,-0.9431963137904928
XIAP,-2.5442027233491
AMMECR1L,-0.7684626557482354
RBM12,0.46521850560971634
RIOK1,0.11234406779854475
CMTR2,-0.406558995580685
MOB1B,-2.107347973884096
EEA1,-2.301415913461193
SELENOF,1.1241711733224478
ITGB1,-3.188759669816212
THUMPD1,-1.1058351226525347
BMI1,0.49533334596087425
BRMS1L,0.29541301039369233
THAP5,0.05909923312009622
FAR1,-0.22620691547206614
WDR77,3.2557841234044127
SLC12A2,-1.5092264998764564
SH3BP4,-0.008074980840922646
SLC2A9,-3.130639482210564
YTHDF3,-0.49564250910218305
MED4,-0.013722147146871708
VEZF1,-1.6413294583430051
CCDC6,-1.0523638668640638
DHX40,-0.5013291196174047
HMGN4,0.4004231447730549
OSTM1,-0.5427315505272721
RPS6KB1,-3.448299614119163
RANBP6,0.5403095244458137
CLIC4,-1.9285333493866412
SMNDC1,0.563547128296699
USP8,-2.6277422506088457
MTERF3,5.334028679539751
AP3S1,1.3394219099411464
IQGAP1,-2.575839409553499
ZBTB2,-1.8042665366641342
PAPOLA,-0.8654874387973674
DPH3,1.697081488334139
PPIL4,-0.6624319154375276
TMEM263,-0.8054441357253267
TRIM25,-1.8038098945989438
PRMT5,4.238752021805591
DNAJA2,3.3543420942647093
GSKIP,2.08573509218229
SEPT6,-2.007099117079411
TWSG1,-1.4480623230611704
USP46,-1.1109212533635073
UBLCP1,0.37820854787969077
UBA2,1.0259355286512168
SMIM15,2.660640696966133
MYO1E,-4.440163986183722
PHF10,2.472658947811451
BTBD10,-1.026259203770668
ZNF532,-2.7682724201621567
GMFB,-0.023039702838963082
APLP2,0.19479271625724445
VPS4B,-0.8434271065726389
MAP4K3,-3.382844665302921
BIRC3,-1.066054813786118
AEBP2,-2.101251991698626
ABCC4,-1.3710672755759246
TMEM167B,-0.9280779506213471
VEZT,-1.0186165999101966
TM2D2,2.5436391842651034
ZFAND1,1.6531110595568914
GSN,-2.563303404665892
SLC39A10,-0.8631377400870859
ZNF146,1.6484461687682155
GOLGA5,-1.3036729559771771
URI1,1.5698464324257053
OTUD6B,0.8699545319475583
PCGF2,-1.27007902627969
ADAM9,-2.2973554692042972
NIPSNAP3A,0.8247969013934291
ANKRD50,-1.8979611416515934
METAP2,2.341716556817729
THAP12,1.4483594862776619
TOP2B,0.6742999313980392
ARPC2,-0.3959240738148974
ARPC4,-0.8651347857029206
TAF9,1.023203117584409
AGPS,2.6773886469115085
RAD23B,-0.4527681457033756
HNRNPR,3.662016920807321
TCEAL8,-0.3627774584968122
AKR1B10,-0.43383461503375964
ZBTB41,-1.475489014033203
TATDN1,4.902929889071558
LRP11,-1.105350104289918
DPY19L4,1.9231572077151045
HOOK3,-3.5041333459308652
LRRC57,-1.1806861718581951
USP14,-0.1066545799567281
SSBP2,-1.60782925237184
RASA1,-2.1515874644586015
SEC22C,-0.8622057846074695
GORAB,-0.9946673284566778
BCL2L1,-2.0191020077035913
MOV10,0.5593302029195837
GLRX5,4.879512688056021
PSMF1,-0.06833203526450778
MARCH6,-2.3220103317051324
ZFAND3,-1.754809574609895
MARCH3,-1.0752919891241517
MARCH2,1.0634651561179425
SUPT5H,-2.3262695437416667
HSP90AB1,1.2755745541144086
FLII,-1.1581618489115648
PTP4A2,-1.8667096831834105
RELA,-3.1557770478722604
SETDB1,-1.365861708552896
DYSF,-2.627802150898642
RAB5B,-0.5612053509223046
R3HDM4,-1.6819687435714101
TRIM26,-1.7334543575325772
UTP14A,2.918702894801021
SEC24C,1.0562138266367505
CHFR,-1.724104868724054
MDM2,0.008116364792377108
SHMT2,3.8964777019592893
GMPR,-1.05396566491912
RNF181,-0.3398981576111425
PPP2R5B,-2.5448952001710805
TERF1,-0.7269074001733897
STRADB,0.10098467933501484
ZNF592,-2.7946721172035267
SLC25A37,0.31905879384825253
PINK1,0.7235537647299704
SEC16A,-2.9944332219488325
EIF5B,3.39641150939233
NPRL3,0.552302905941865
XPO1,-1.7449971420344712
UBAP1,-1.1796686876077385
UBTD1,0.06327309437521556
PPP6C,0.643964433850985
UBXN6,0.8630895940629979
CCDC90B,2.0172564041972665
CNPPD1,-0.9459268654554973
RBM38,-0.5784092209333546
NR1H2,-0.45928429478483235
MAPK1IP1L,-0.2218342085035694
NXF1,-0.11043282097966144
SGTA,0.13762119123086483
COL4A5,-3.9434932131766773
TP53INP2,-0.9731292641756576
GRB2,-2.7596771951296075
PSMD11,2.947316727877561
RRP12,3.792111389126738
SRRD,1.2535898396872003
RBM28,3.6638338848017726
ACADVL,2.91038133994555
KDM1A,-0.25246043047759453
BAG6,-0.668694318020426
RAD23A,0.8189487824983311
MKNK2,-1.788239764750819
TLE1,-1.8110469535085811
FOXO3,-3.1105837097451166
SLC4A1,-3.8474061020456367
RNASE3,-2.1514780372717626
MEOX2,-0.6584597099595956
STRN4,-1.6131341116560498
MLF2,-0.01451357508412573
SRPRA,0.7994130006443694
NOC2L,1.4774785973205506
ALAS2,1.2560523263363739
EPB42,-4.0289487643689235
ENO1,2.0474886900453426
AMFR,-1.1319399653188533
CS,4.661825747337533
RMND5B,-0.2536736715611287
TARDBP,0.43793233661411074
EIF2AK2,-2.005213523596736
ARPC5L,2.0553058644850486
RNF149,-2.2797121774559836
ZBTB14,-1.6930115144776754
HSP90AA1,0.21657587005301226
ZMIZ1,-2.8944812326254006
KCTD2,-1.6063384582261262
EEF1A1,2.181625138153789
CHORDC1,0.2358909911711368
PSMD2,1.6816947815527046
MAP2K3,-2.6306318262799833
DCAF12,-0.4159590115967552
PON3,-2.4630004890586346
EED,0.24901968395068935
SCAP,-0.008529553044083005
RNF32,-2.882325939115478
TAL1,-3.6979047316033373
WRN,0.1494763852242346
DNPEP,0.8523301624611768
CANT1,-0.016943854960098627
PSME4,-0.5255918144961331
ASCC2,2.0981088664749366
RNFT2,-0.9858409640516521
ACTR1A,0.5543639917642594
TULP3,-1.8803674966422632
MAGI1,-1.3123528400093132
ZDHHC17,-3.7379547278849796
GOLPH3,1.6536628449986792
RNF13,-1.5170947714654863
HOMER2,-1.92370464634907
IL6ST,-4.621926188316457
MOCS2,2.5336620823994203
P4HA1,-0.5885165043037052
SRSF11,-1.4358234375553833
PDCD10,2.4903205404020867
DYNLL1,1.0603408549102196
LEMD3,-2.760453206304495
GAPVD1,-3.097718771255837
ZFYVE16,-2.535027607546588
FAM114A1,-2.5857884975516403
YAF2,-0.8860065597333366
ARHGEF12,-2.316241344164691
ITPRID2,-1.8645660330918747
PIK3C2A,-2.5252970410160525
OSBPL9,1.3569749368190838
SNN,-1.8281150354345586
PTEN,-4.78422743659583
CDKN1B,-1.8744524266478313
MYO18A,-2.626631579581845
PUM1,-2.2019354035140757
CRIPT,2.81063872500285
CCNT2,-2.3859071097429223
WDR44,-2.268844876928642
CSDE1,0.3706387203664605
WSB2,0.284784140567421
JAK1,-5.392043088586226
SPRTN,0.0968517259352505
ZEB2,-4.421438473821407
DSTN,0.8675862461756504
CAMSAP2,-2.32620230810027
PSMD14,5.045772967868067
PSMD10,2.4387747390149697
CBL,-4.027643067300812
PSMD12,2.284164933963775
FBXO34,0.6115104664348364
WDFY3,-2.781096694450948
FBXO33,0.5874671624382555
ANKRA2,-1.6527276197627943
ATXN1,-1.8982879657333358
RALBP1,-0.18800661205041921
PRNP,1.0910027906951363
TNFRSF10B,-2.943878004507941
ATP6AP2,-0.8608550114321194
KCMF1,-0.10140048839830874
MARF1,-2.3632895876226634
PYROXD1,0.21078434768413856
ARL8B,-0.4896410768351625
ANKRD28,-2.95853815324104
AP2M1,2.1908455476089777
SPTLC1,0.9752219645549749
HEBP2,3.5451681937013118
CPEB3,-2.076174559979971
HS2ST1,-0.8404411009969295
LMBRD1,0.09497065837170708
CAPZA1,-0.4121730302777236
RAB33B,-2.0504956300476347
INSL3,-5.014424137763604
ZFYVE9,-1.965332501610605
AP1G1,-1.4723952626538388
MMD,-1.5427251596013116
ATP11B,-3.0407538876683833
RBM7,-0.5330933584012624
LAPTM4A,-1.0300920838638383
PSMD5,-0.3722175078801729
PSMD7,3.6119357037322115
PSMD6,3.4993462581445427
PSMD1,3.378248952899147
PSMD3,2.0740996498894773
QKI,-3.173907399722233
ATP13A3,0.8340622569427079
DYNC1I2,0.27378263901287614
RYBP,-3.675226079304559
EFR3A,-1.5749773727112908
PSMC6,2.848261706265393
APPBP2,-2.887351609632169
RTN4,-0.13904192099121784
HGS,-1.0572654880689247
RTN3,1.2577342504560656
RRN3,0.8260468930430178
MCFD2,-0.03558936978186558
NCK2,-3.0555922904308987
SLU7,-1.5065388567151863
OSER1,-1.3855010171673545
TMEM41B,-0.2603246613953872
MARCH4,-0.9824738351983197
TMEM131,-1.445404746000851
MARCH1,-3.4521464095274004
IKBKG,-2.7136514769292925
IKBKE,-1.3152921993922302
USP24,-3.610388434526644
MARCH9,-0.981177065633369
CCSER2,-2.582103335003377
GNG10,-3.8811761713545043
SRCAP,-3.4983065928978387
TSC22D1,1.5475529532669736
KHNYN,-0.6924902880219668
PAFAH1B1,-1.6461233137552074
CNEP1R1,-0.6337294191057214
PTTG1IP,-0.7715038617625972
ZC3H11A,-2.126626125764914
APP,-0.46161878734740974
RABGAP1L,-3.2665927538448707
EID1,1.4838259970582663
TMEM47,-3.442861696194488
PLAGL1,-3.824840678263946
UQCRC2,8.23043751769734
SNX3,1.4232804482751371
COPS8,3.509460116404703
ADNP,-0.6316836345510554
CYB5R1,2.401829045120723
FUBP3,-1.2048470314455055
NMRK1,2.265413001288965
STAM,-2.6369177893237277
AP2B1,-2.106653729397156
YPEL5,-1.2465041084008974
NEK7,-1.8936379466207618
USP7,-1.3277683479615972
KMT2E,-3.409034435320781
PLA2G12A,1.1560780488509432
ZBTB11,-1.3494599692688298
UHRF1BP1L,-1.6910858557993258
GALNT1,-0.3491142786501398
BCAR3,-1.6234706710794304
FZD6,-3.6418913665170223
TRIM8,-1.9259764637275192
PFN2,0.8721362572297288
CREM,-2.5192720231685746
RSL24D1,3.485697138615527
VPS51,0.022115153380711895
CREBBP,-6.078003014270804
HDAC3,-1.6128246889248632
HDAC2,-0.29137166058411296
HDAC4,-3.2247819831140467
ANKRD13A,-1.6138316831641435
ELOC,3.769885070535569
MLF1,-1.790203358565448
TPM1,-2.6038412067736827
RAB18,-0.34378003478188796
CCPG1,0.11388923140091704
RANBP9,-1.203966492241407
FANCL,1.0097037298591738
LSM14A,-1.145966098578311
RANBP2,-0.2394350531849428
PLPP1,-0.04619558635125108
ACVR2A,-2.903830706915672
UGDH,-1.4833424313388022
SSX2IP,-0.26466228277885023
ACADSB,2.356090966846353
REEP3,-0.9479100246711808
RSRC2,-2.635716636177198
STX4,-1.6117453796438124
RNF145,-1.2029978839977746
ATP5PB,6.950084251572662
USP2,-2.796248492844767
KIAA0232,-2.6169346145929953
WTAP,-0.2824247729070403
ERCC6,-0.8380201378056165
MYO6,-3.681740321006526
RPRD1A,0.6264104232972172
MCL1,-1.7861996813290222
NR1D2,-1.9245117983652476
YWHAZ,-1.8229419484251013
SERTAD2,-2.810305344936554
SUN1,-1.8689392434327197
RB1,-2.8581705203138053
PHKB,0.7786163325684302
MED13,-3.8561881971767358
GDE1,-0.1495227608534484
MED17,-1.7974515013709886
FEM1C,-3.1503305656161986
AMD1,1.5790344837747186
CDC42EP3,-2.0804351147089113
VCL,-1.630539047165037
AP2A1,-2.1801765645973497
FYN,-5.870623647678172
AGTPBP1,-2.288114384848619
PHYH,2.9463216612398315
ABI1,-3.6638465402155327
AZIN1,1.1466234081242472
GGA3,-2.204678843194578
ATP6V1C1,1.8352150401620524
WWP2,-2.3760138114276255
SLC30A9,2.863348529140619
ATP2C1,-0.8818405278236068
KIF2A,-1.09427889406104
MYCBP2,-3.0671017616124985
CALM1,-2.9471425239246924
GADD45A,-2.7353309748315207
CCDC91,-0.0633495619922381
MAP3K5,-4.753978597313164
CYP51A1,-0.26483561362789126
AZI2,0.05914382971272962
AUP1,1.5140342484358018
TNIP1,-1.9461552373498796
PNPLA8,-1.1656243259482004
FNDC3A,-1.370864678768432
USP33,-3.521997433494839
MAN1A1,-2.6440163890267665
SMPDL3A,-1.0310597348068957
CNN3,-2.9565152074417744
AKT1,-2.9799630645415
PTPN12,-4.786085973218126
KPNA4,-1.038624629419059
BMPR2,-1.8691446763889166
PNRC1,-2.230401318767605
YME1L1,6.24255359614434
HIF1A,-3.812952402033958
YOD1,-1.1054437500327532
FOXJ3,-3.862226115166028
MATR3,0.4909277094002895
ARHGAP5,-3.101647412845251
SEPT7,0.11048371029460034
ACADM,5.97273561041466
SUCO,-1.6059755377537621
FNBP1L,-0.7918864366396762
AP2S1,2.599832715140651
EGR3,-3.348635257182107
JUN,-1.4143783746660392
SECISBP2L,-3.7217066683414726
PLEKHB2,0.008220062702623704
USP15,-2.5695124062205315
RNF139,-0.031314892855345805
PDCD6IP,0.33244286259007827
EPN1,-1.1343742188222792
EPN3,-2.2965120833733628
EPN2,-2.3371671450207963
TIPARP,-2.4757665915946037
THOC7,3.82669588533092
CAAP1,1.6661960672792198
ERBIN,-3.893658873685943
TPRG1L,1.1061526590728423
CTBS,-2.1545272570415013
PPP2R5E,-1.65484924750846
PPP2R5C,-2.045570491328446
EIF1AX,2.316919416665924
GNG12,-6.092346728400218
CHMP3,1.287581762104557
CHMP5,1.8040298345573471
SNX16,-0.9737038307037913
SERP1,-0.8922604654951387
PGBD3,-0.5929660234719523
STAT1,-0.5632672589184619
HPLH1,-2.1402647678285915
PSMA5,5.651891639194585
FTH1,-1.1920931203636107
MORF4L2,-1.0654774910889324
BNIP3L,-2.229021634565282
RABGEF1,-1.7284051578317954
USP5,0.779144365089497
RAB1A,-0.9035091228828976
TOMM70,4.546415619745983
EPRS,4.5883363655805285
EZH2,-2.873414949223727
TBL1XR1,-0.225142267165988
TDG,0.7753372095248486
C1orf162,-3.0130123640921624
PHIP,-2.0170579598629947
STX12,-1.8761620497060376
CSNK2B,2.038549096213753
CREG1,0.03330159199942418
JARID2,-1.5126317009346826
BMPR1A,-0.28343932164972396
PSMD13,2.0284318204215683
RB1CC1,-1.5721096089559767
ANKRD12,-4.293446207318408
EIF1B,1.4835216025053872
NAP1L1,1.6177962260140084
CALCOCO2,-0.5791405321913068
BNIP3,0.2575519793394114
ATG5,2.973968770183144
ZNF350,-2.746003104864803
ANXA1,-5.528495797993805
DCP2,-1.3198041147424575
PIGK,0.9339745240323848
TP53BP2,-2.752436523302149
GABARAPL1,-0.6621622493042509
DUSP11,1.1701835938275649
TAX1BP1,-0.4585772391920383
TSPAN3,0.43789608043392453
HBP1,-2.399651036886574
TOM1L2,-2.0242424110102517
LAMTOR3,2.250544465995425
TM2D3,1.0799704922246993
ZRANB1,-1.2424834524578183
CRY1,-0.790836083137753
ZFAND6,-1.2317758712478875
CREBL2,0.1157860808908803
LEPROT,-1.7831254203595446
CDK2AP1,0.9058784979563493
MBIP,-0.033950031567500503
STK17B,-4.617785149025108
RSBN1,-3.920894044898666
MFAP3L,-0.9931591188343972
KRAS,-0.34583340586730965
SEPT10,-2.2502957563010746
ISCU,16.77528931691829
SOCS5,-2.0531278721153288
DDX3X,-2.337733677882533
ENPP4,-0.2639403820058595
CSNK1G3,-2.3527932718475193
VAPA,2.248524314706424
TSPAN5,-1.1481476278738265
ABHD3,-0.3897176279526035
CSNK2A2,-0.8056977885256043
TWF1,-2.1003804417089063
PCGF5,-1.3052011185293482
EIF4G3,-0.5698101333270924
PPP2CB,-0.8970001211161265
C6orf62,-1.7574960980795984
MARCH11,-2.6792547665454545
MARCH10,-2.842038337587476
ACSL1,0.16035190507298433
DNM3,-2.107675707663425
ARID4A,-4.466285179037631
CD2AP,-1.0942998063257365
NCKAP1,-2.675049128265347
PIM3,-0.6884869526980109
CHD1,-2.975800792787092
POLI,0.4193544045385294
SRP19,4.0750599289300045
PTS,3.342273903218387
TXNL1,3.018639452042619
RAB7A,-0.9095276700392239
PIKFYVE,-1.1516600484173718
ARPC3,0.6891680649180117
DCUN1D4,0.6283840788017884
EIF4E,0.9262186229679442
PEX3,1.6005290804788854
LEPROTL1,-0.5036495915974036
TAF1,-0.5120651121714187
SLC25A48,-0.25032624188669256
GCH1,-0.6744128311076124
ITM2B,-1.6477519922014707
RNF125,-1.2713190505870027
ACTR3,-2.3178862236982987
BTBD3,-2.177970631598285
AASDHPPT,2.9644021287256628
ARMC8,-0.9927492875992009
GNAI1,-5.562513530965165
TNPO2,-1.6213081813667793
TMED5,0.6969388640894477
TBK1,-1.6923073665369233
SYVN1,-1.2448526322148843
NFKB1,-4.2724265731851965
MAPK8,-5.348457630015424
SNRNP70,-0.3053706610633823
RAP2C,-2.982135547165798
ASH1L,-2.314279765025657
GGA1,-1.4902187611321691
GGA2,-1.366778828590364
TCEAL4,1.3225346436816832
TRPS1,-3.0012630020360094
ADH5,2.0357924653775505
PAIP1,1.0275134514584678
STAMBPL1,-0.7322386266797934
KCTD3,-0.856324537854187
CD55,-2.2245783743136207
RIPK1,-2.430114949199818
ELF2,-2.96678820827153
HIST1H2AC,-0.8539401539254394
YWHAQ,1.1796520787148133
UBQLN4,0.8005474101810178
CCDC127,3.395541838589477
TANK,-2.4106718843802217
PGRMC2,-0.8178405105781341
TRAF6,-1.400674781656742
PDIA3,1.8639571385160951
GTF2H4,0.44980185580071036
TNF,-5.303704001437412
TVP23B,-0.3008895027193578
NDEL1,-3.2410741519845954
USPL1,-2.5083320356287677
MXI1,-2.398614401594555
RNF168,-1.2388065374612307
TXNDC11,0.587138937354638
PTPRC,-5.05237700537614
G3BP2,1.251440575122218
RYK,-0.23266432513989782
SUMO4,-0.5460216527944554
TYK2,-3.5173588065861168
NCBP2,1.576740615985188
NPC2,-1.0064732429502719
ZSWIM6,-1.9407249715987036
WDR7,0.5111760711802747
SLC38A6,-1.4230437359109878
C2CD5,-0.9051813012139022
FXR1,-0.37067063844687476
PIK3C3,-2.477012193752208
FAM172A,-0.9401597867725149
TRAPPC8,-3.7304168505817605
GTF2F2,0.7066400673138447
LITAF,-1.459903110975269
SPPL2A,3.379763868327007
HSD17B12,0.7195071113356074
HSD17B11,0.265461301453989
PNISR,-1.694797795495895
HSP90B1,-0.6773185934247986
TPK1,-0.6250075921106165
GPR137B,-2.162704184002695
BAZ2B,-3.9262028302192724
IFIT1,-2.4398387811150286
UFSP2,2.052160407384813
BRIP1,-3.8420878660400404
XPOT,2.2548999991077485
GRN,-0.550662839588149
PLXNC1,-3.5900426863746295
MTCH1,0.9640631928950885
PPP2R5A,-1.5283111390201796
SLC38A1,-1.193397555465822
IGF2R,-2.1260249779153426
LHFPL2,-3.0982022388749906
NCOA1,-2.548313483007633
TNFSF10,-5.807767601860884
SMC3,0.0817459545732291
NR2F1,-3.1348997252849387
SMC4,1.9364948112232607
NR2F2,-4.408264343896729
AP3D1,0.723070424981644
SETX,-4.045130877574112
PRADC1,3.814092832736448
ZNF83,1.3658233235824464
RAB11FIP2,-1.669163821838768
ZNF638,-2.2859325747467856
MAPRE1,-0.5260985531044173
FGL2,-5.013177546590958
AP1S2,-2.390203866126895
FMR1,-0.916570508509465
SGMS1,-2.790880816346886
GYG1,1.3929271957247988
DPYD,-0.5547348375823203
PSMC2,4.483976707537553
FOLH1,-3.329340608306057
DMXL2,-2.6800990332014183
EXOC1,-1.9713595002133086
MTUS1,-2.3475282563705515
RAB29,-1.7650050612351105
ANKFY1,-0.9501264684076154
HEXB,-1.1614344484485313
OSBPL8,-0.83195704640287
ACBD3,-1.400146775805567
ATP6V0E1,1.8607492861636117
VRK2,0.24323121906288778
CMTM6,-2.1665941252824688
TRIM13,-1.2625957880457113
FRYL,-3.298773346738426
PKP4,-2.803785169791878
NAALAD2,-0.5146723340289324
RBM47,-1.9534035907604979
GINM1,-1.2116702400128825
NABP1,0.13376936899289682
SCGB1D1,-0.8084802356701389
RAB5A,-2.2711496633033335
RGS2,-3.9459081802726543
REV3L,-2.159026142925262
EDEM3,-0.6281399524251968
SERPINI1,-1.8958081796219117
CEP350,-3.225030195767494
GATAD1,-1.5304049906722346
CYB5R4,-0.998668581504332
SNX6,0.576152428148705
IL10RB,-3.394248148218643
SNX4,1.4170169930868068
MTDH,0.5517865430674593
GCA,-0.7027156537084863
NLRP2B,4.314827393560852
MANSC1,0.14312877946875158
HACD2,-0.32977589598868595
HDGFL3,-1.485208599586025
DOP1A,-2.185558010704616
MEF2A,-2.602992232129701
KDM3A,-2.693529028883224
SSB,3.7583180995701038
APIP,2.1580269143865856
TMEM135,1.970174224878436
CNBP,2.6663566280948743
CBX7,-0.9659044293328078
TMEM165,1.4376841926794794
COL4A3BP,-2.2472493147191965
ALCAM,-2.3748518055503025
LYST,-1.5799889063602048
PPP1R12A,-3.5831773848142072
MTMR10,-1.9073441313495105
TET2,-2.656776391066788
LAMP2,0.0962295873586645
LAMP1,-1.9662125268576744
BBX,-2.6029905272927465
LRRFIP1,-3.668789029554375
STX3,-2.6120973702140122
ARHGEF10,-1.7002840684508187
VMP1,-2.65369855629859
PTK2,-5.679459335536612
PHF11,-3.045592161706015
USP1,-0.06838130836618461
SF3B2,0.24347041729546864
PLPP3,-1.1372434390355985
AP3S2,1.1917677396714619
CEBPB,-3.984181535451755
ASAH1,-1.575130437851302
DNAJC13,-2.553944355388886
VIPR1,0.1794590948744673
SNAPIN,0.4641771299194133
ST3GAL6,-1.715274580894514
ACD,-0.49034137422546437
NBR1,0.42895331501585465
EAPP,1.6724096336993393
SEC11A,1.856601287641526
PRCP,-0.628905915267533
CHST15,0.26519078338554164
SSR1,0.11261889471223066
VTI1B,1.6091184472336333
PTCH2,-2.6316320560441304
PTCH1,-3.106653596304228
ADD3,-2.574494357905192
SLC9A9,-1.3521420537458781
TXNDC9,2.8876103354195823
N4BP2L2,-2.8407828188479485
GGPS1,2.3780086808936884
NAALADL1,-1.919149959485312
CALM2,-0.19408850225801907
SPOPL,-1.5199300236150415
CLN5,1.079659298034546
RNF133,-3.3044461296430834
DCX,-1.7445737602954978
MBNL1,-2.536351627870399
MFSD14B,-0.6284715402746196
LUC7L3,-1.7408604322322923
TMEM260,-1.5650630598095019
CTSK,-5.15271829090456
CTSC,-2.218714366820067
CLCN7,-2.1519807805945037
RESF1,-4.396796947535785
DICER1,-3.2158272552150375
USP32,-0.3680328132726231
CTSS,-5.197679717076548
OGFRL1,-2.2556486550823536
LIMA1,-2.215911469450156
COPB2,0.7128879683141577
MED28,-0.40528083923948216
SKAP2,-2.8156239391749107
DOCK4,-2.9658966576986256
DOCK5,0.46696837143370495
SLC31A2,0.18517730868762117
IFNGR1,-4.642849650137239
TRAM1,-1.3065278412298111
GSAP,-3.716803786992677
TFRC,-0.5002825310409426
DNAJB14,-2.307633705303815
B4GALT4,-1.5438512831104316
TFR2,-2.0755855627945223
PARP4,-1.7859648189288229
LMNB1,-0.43936914293784163
MED13L,-4.036602283322965
ZNF148,-3.0490073365949106
PHF3,-1.2769717512886671
NAMPT,-2.0370098215973087
NSMAF,0.48307161361388246
CD9,-2.394980871167897
SNX10,-1.9109509924446975
RAB22A,-1.807320822941051
ERN1,-3.302705787560738
KIDINS220,-2.1289096269826002
LGALS9,-2.0048349973898407
LGALS8,-2.5063270977860284
FAIM,2.2656000902408286
TMEM87A,-1.698894196264395
SGK3,-4.5142712624054155
CDS2,0.37476032101250506
IL15,-5.299002856159842
PDE4B,-4.03032914307504
MFN1,0.1333207198984928
GNS,-0.6778944445827046
MAP4K5,-3.1488880063083844
EIF5,2.5850170222878726
MOSPD2,-2.3095975251281295
OXR1,-0.6408848078235926
KRCC1,0.49715227925215955
RBMS1,-3.496620731433228
LTA4H,0.8589858760145278
EBAG9,3.342690869419008
PLEKHF2,1.6442446716508516
UVRAG,-2.0456902078208925
SMARCA5,-1.6087526525758176
DPP8,-1.693411106206322
ATG3,1.4517767347259019
GBE1,1.4225292495518806
FNDC3B,-3.5291903503394755
TUT7,-2.5253230024344875
SLC44A1,-0.6299495235347033
ANXA5,-3.33372839373218
CEP63,-1.4149486409331777
CLEC11A,-1.9407340801897273
PIGP,2.3640693878158627
PCNP,0.15002250056437405
TMBIM4,0.22858868310477376
TMBIM1,0.12557172652608534
CASP4,-1.4152626247738538
CASP1,-2.634646986769341
CPNE3,-0.07490237530255048
PIBF1,0.19952255903696994
WASHC4,-3.958539631242127
CHMP2B,-0.19230511492419677
LY96,-4.820453124032287
RO60,-1.268342261335505
SPINT2,0.2418967258252678
PPT1,2.3572182583787753
RBPJ,-3.7755471540730934
PDE8A,-0.7324788796664776
ERMP1,-0.11514501394607364
GOLGA4,-2.6118342085530917
UBR5,-1.0551252460028975
SAP18,2.6921971643105005
LYN,-3.2962786013616263
FNTA,2.2140874168476885
SPAG9,-3.0232561036711574
OSTF1,-0.026529709736865536
TLR1,-4.821839540788656
TLR4,-3.567626410802228
RNF5,0.05950241394465937
MACF1,-4.34752735739588
HLA-E,-2.1295990914957534
GLUL,1.6967819253966092
SLC25A36,-0.8192117074566077
KLHDC2,2.2146213867312277
PDHX,4.306627939940589
LRRK2,-1.941256842050521
SCAF11,-2.696704075235121
ZBTB38,-2.1645899327723552
SPATA13,-1.9135251813222147
TTC3,-0.3648740282012145
NCOA3,-5.314104743337077
STAG2,-3.6185957858651236
RHOQ,-2.1389156153859763
PMEPA1,-3.638859371537492
ABRAXAS2,1.266132514414672
RECQL,0.5664440836370155
DENND5A,-3.1435826507712514
ADIPOR2,-0.6447097185103793
PXMP2,0.6189922584162835
PEX2,1.7153473756044746
PLSCR1,-1.6906186818288516
TMEM50B,0.22511267850762412
TMEM50A,-0.12437528563978459
TSPAN31,1.5927156375002958
IPO7,1.7047776816022973
ACTR2,-2.574182684271914
CIR1,-2.377503614167035
BTN3A3,0.3426019980599975
SMCHD1,-2.192885846267919
LAP3,3.165380297745425
POT1,0.5549570264303634
CCNG1,5.009260442515526
CD302,-3.292454914982199
NES,-1.5555628095870302
FNIP1,-1.719165148914028
NAGK,-1.6585073157212162
SCPEP1,-0.9721850861364759
ARTN,-2.0435490556420652
SLC35A5,1.3886516622997835
LRRC8D,-0.451436052287262
SEL1L,-0.4330089260740795
FERMT2,-2.025390495626748
SOS2,-2.350314545648216
KAT6A,-3.0895776575545177
GLB1,1.3359251461294936
STAT5A,-3.5818392123006038
SQOR,1.982672814797411
ETFRF1,3.481634330074731
TBC1D15,-2.6229753973108156
SLC33A1,1.5872699515008506
ADAM10,-2.4738199862875168
CD63,-1.2515986361221874
P2RX4,2.2573412949262246
PAPSS1,-0.25340895207584596
VPS13B,-3.097628339813368
TMEM106B,2.2889840622350612
RAD21,-1.360591819923873
ACAP2,-3.5505285104127853
EVI2A,-2.7563119177619675
INPP1,-1.4607738403554618
RNF167,-0.13143939478244715
TXNDC15,-0.8647336756511185
ATF6,-2.084940158153206
REM1,-0.7324376017375829
NYX,-4.753049181894711
JPH2,-3.5124141708983805
MXRA8,-4.764196228019735
DUSP28,-2.6196938119780486
SAMD14,-5.720044240444663
GLP1R,-2.449592470096184
GPRIN1,-5.9049504499034215
NPR1,-3.984156114364909
ARHGEF15,-4.899674507870476
OPN1SW,-6.025558898423266
SP1,-1.3480057638202168
CRTAC1,-0.596052823619008
MUC6,-2.501346543342349
CYP3A4,-3.9801819412076855
RAB40C,-3.0925718496595924
RAB40B,-1.8169141430290068
RAB40A,1.978575040304864
F7,-7.238887537409789
RHBDD3,-1.1575770040993432
ERCC2,-2.448682099032733
ZSCAN12,-1.971639324226235
RASGRP2,-4.579707793216945
GPR12,-5.880370835798028
ELAVL3,-2.46746922224942
LRIT1,-5.311117385807401
RAB6B,-1.523732778074095
RAB6C,-1.953354807801276
APOA1,-4.688477829762616
SOX10,-5.935170049764293
CETN1,-6.657369652661381
GRAP2,-4.877805102645177
JAK3,-3.080535878193975
RASEF,-1.620329425572826
GRM4,-6.780390770600781
TBC1D29P,-2.6183881450689155
KCNIP3,-1.8030439149976532
GRM2,-7.313961709757622
PDLIM4,-3.2577384932788496
CACNA1H,-4.7620495514300885
PDLIM7,-3.349663752104726
PDLIM1,0.6049675733710556
HOXB5,-2.080096094078171
PPARG,-4.074576884696929
IRGC,-3.3316507704878022
CNTFR,-6.285512240335451
DSE,-3.824869983353562
SPAM1,-5.281627274129759
TACR1,0.9624350641929809
CABP5,-5.304624666286558
SPDEF,-0.3299376822096342
CABP2,-3.6422566030359262
INS,-4.580150747869911
SLC22A7,-3.1363974447823644
PDE6G,-6.727871524260077
PRDM8,-3.1844313224753376
PRDM9,-3.6277713703261543
MYH11,-3.2777633122272087
CACNA1C,-4.248547296930143
RHOC,0.6293776953493482
RHOB,0.15867758415578917
CACNA1G,-5.185684194053025
COL2A1,-5.561051630349712
HIC1,-4.697965436411356
ASPN,-4.238598605944609
MUC5AC,-3.8967674664049152
BUD23,2.314391422264343
ADGRB1,-1.4162448625324717
ART1,-5.895184362119294
ARVCF,-5.642025757454155
SULT1A4,-1.1894014340460881
CALB1,-1.6714075657491148
OPRM1,-2.5538620389855393
LTK,-5.360795534602285
HCRT,-2.935415250832042
EDA,-5.326560958682167
ALK,-3.732143355918674
GSTM5,-5.973258595402242
NTN3,-4.660595193327294
TAS2R3,-6.125143486227375
ADARB1,-1.662368628772017
SSTR5,-2.618521720917611
GLS2,3.10217410469218
CDC42,-2.1608142717783365
TOM1,-1.3346873825718828
ZNF205,-0.3750964518880506
NGFR,-5.1893263824732685
C3CER1,-5.91818397565876
ERAL1,3.879704116510665
GJB4,-5.698936641086049
ACTL7B,-3.927922353459662
ACTL7A,-5.585434334424576
KLF2,-4.1107893604173515
PGPEP1,1.5413348517332714
GFAP,-5.483383916039502
KLF8,-2.0687614968667383
NANOS3,-3.0255079990191565
NCR2,-5.754887958228278
SP5,-1.3856029185671608
CRYBB1,-4.712810457813266
TRIP10,-3.794073614916708
RAB20,-2.13051825030451
RAB24,0.43317510894854055
ATP4B,-5.709732367601665
RAB28,-1.09462816973112
CA7,-3.073080507494139
MAP3K10,-1.835196039723328
RND1,-3.1351817393621153
FUT5,-3.579213833182657
RND3,-4.496581113530095
CHRNE,-4.0954588000875995
TGM1,-2.3574471997796853
LIF,-5.728673063045055
TGM4,-5.396657765941193
RAB44,-1.3524929503752212
TRIM17,-2.2408852579704877
SFTPC,-4.893370842020564
SPTB,-4.852076433446853
RAN,3.7113196140159364
DHRS2,-0.9348286864590044
ADRA2C,-5.000128563034858
SLC12A3,-4.167972407480451
STRA6,-2.9356920485571543
LDB3,-4.412880998528929
KLK2,-5.1558229145054275
NRG1,-5.847441040635054
SNAI1,-3.154504345083759
LRRC4C,-2.762938784619683
LRRC4B,-1.4741578514086295
GH1,-5.162956743363582
AVPR2,-5.154425825190426
RFX1,-4.189667344105636
CSF2,-6.1970518142395825
RHOD,-3.359574411758555
ARHGEF7,-2.1249692470744552
FOXP3,-3.2424898144869205
NGF,-5.640534056635971
COLQ,1.399660377839684
CNTN2,-6.688584545151249
LTBP4,-3.9052437285702273
LAMB4,-3.2591712822478063
MARCO,-3.719906245412099
CFAP410,-2.07572962058507
CYP2D6,-3.312827810054657
RHAG,-3.2999514462618964
INF2,-2.474611429860441
LRRTM4,-2.367701417981981
LRRTM1,-1.7539156715742477
PRKG2,-4.900973862166309
CLDN5,-2.96891468141672
PLXDC1,-3.680612847345559
MAP4K2,-3.3404191033819344
CCDC9,-3.0127149801368307
AFP,-1.118272946151343
TUBB2B,-0.3808397997100268
MGP,-5.070335987064676
ATP6V0A2,-0.7910718003402695
ZNF114,-1.50346830019951
PROC,-3.7200005689562126
GUCA1B,-4.564578730021681
ACTA2,0.23567696824289297
PDGFRA,-3.848761365759443
ZNF335,-3.4557331118021675
APOBEC1,-3.5653334526168576
CHAD,-5.026201878976414
ZNF234,-2.392819363978844
HAAO,0.19639243624975833
NHLH1,-5.523853304114991
FLT4,0.15322000046113154
CACNB4,-4.345182089160046
KIF19,-1.3231568943292948
ATP2A1,-2.174455082812832
MYH2,-4.079329220760848
S1PR2,-6.3697761655482354
TPM2,-2.20458046647456
TBX10,-4.7937708972396615
MB,0.5440102739166152
PRELP,-5.003586422542273
RAB15,-1.547611558727025
HNF1A-AS1,-3.0794215787550456
HAO2,-3.288288472135452
FGD1,-2.330827242001066
NTSR2,-9.121311624910511
AGAP1,-1.9185253787450616
AGAP2,-3.1210581344309287
AGAP3,-1.4353696773850837
LINC01565,-6.022233189760637
COL17A1,-3.932418799417708
SLC22A18,-1.1890012205066547
OMD,-3.8399630259543733
HOXA6,-4.502495111098616
OMP,-2.8508957215393105
HOXA3,-2.484446282071967
TUB,-5.298817454277685
TGFB3,-6.354303013332783
LIMS2,-4.394951068708788
SLC5A5,-5.511602065121562
ECE1,-1.803038560195628
RABL6,-1.6995791008276
OPRL1,-6.581082082601619
SCARA3,-2.04322161595135
RND2,-2.7407518613651876
C11orf16,-3.7534216522656805
YWHAH,-1.6008390136482795
OGN,-3.3901437419036475
YWHAB,-0.13250593438440855
YWHAE,-0.8590329036280958
RAC2,-5.013569850655728
RNASE1,-1.9802371181508438
CROCC,-2.5153811306646
PRKCG,-7.429610551385233
TANC2,-0.10771177348016764
CES1,3.589326531116086
ARR3,-2.336657595550158
CDK20,-1.9304569200835695
GCGR,-5.83477286306574
CYTH4,-4.405925559548107
SLC16A8,-1.042250434097985
ZNF157,-4.033669604547063
NRL,-4.426219779225779
TLX2,-3.46700848789428
MMP2,-4.0754523947745165
FGFRL1,-2.0088905586775554
SLC6A7,-5.610091730443519
CKM,-2.323112754397502
SYMPK,-0.3203537321602485
CD34,-6.769084389826521
BGN,-4.490109911787201
GPER1,-4.503666122820597
MYL7,-4.789749531554414
MYL4,-4.894420591908545
MYL2,-2.5501991651594116
AXL,-3.0420301670511884
KIF2B,-3.4486430730569153
DCN,-5.450873213733619
COL11A2,-5.285457625833872
CACNA1B,-7.205592331398073
CNTD2,-4.52570250978162
ACSM5,1.0997433689424574
THRA,-3.5408077448145576
GP9,-3.210895220962316
FMOD,-5.517565217141957
TRPV4,-3.479368066943865
EVX1,-5.228261309694227
LRRC3,-3.7606596109903547
PGAP3,-1.6717017739818896
FGFR4,-3.2107951876182845
MORN1,-4.039871462641171
ADCY1,-6.740389258690731
PLD2,-3.5257172958715857
ZNF516,-2.272271269091227
RUNX2,-7.21395894291795
IHH,-5.840290914260757
RAB42P1,-0.7765435996760562
KCNIP1,-4.300003718420919
PPIAP10,-3.8026442924411317
RRP8,0.964752037122363
GNAO1,-6.706762609713523
CRX,-5.482001396470154
DOCK6,-2.0974452669982098
NTSR1,-2.4250185778906426
SLC5A8,1.672332810666317
SEPT4,-2.925236760521671
ICOSLG,-3.9812394085143477
SLC9A3,-7.456879231661931
PPM1L,-1.2614525032739536
MALL,-2.236743643231515
NPPA,-5.409885604367679
EPHB3,-4.917861903480129
PLCB2,-4.759169548453422
EPHB4,-4.102017711965769
LARGE1,-2.8089346007774383
VGF,-4.8142393132665395
DDO,1.88729221962143
PAX3,-4.625509368612689
BTNL3,-5.012072189556505
KCNQ1,-3.6006843100442496
DVL1,-3.24859507470028
CDC14B,-2.8255285279143103
AGFG2,-2.8539444861966876
AVIL,-1.4012472344213305
HMX1,-5.122788051964688
OXA1L,5.812246691519657
ILK,0.15333420576057205
MYO1A,-4.157967929523874
ADIRF,-2.3455461367879673
ZNF536,-3.4721859585030033
CHRNB2,-4.579804225636788
CASR,-6.578108750347958
COMP,-3.234497974212323
FOXD3,-2.8168702812092747
SLC26A10,-4.01221882430607
GHRH,-1.9803606990440557
WNT2,-6.252020023310539
SLC30A3,-7.098244191121132
IL13,-3.093601651872193
LRRN2,-4.675251887957194
ADRB3,-5.8080218258424186
CACFD1,-2.2563173012196573
ZNF407,-2.133289127883297
MYO16,-5.429973865630642
PDE4C,-4.642437551695412
ASAP3,-1.766747904678399
LGI2,-3.293081495424468
BIRC7,-0.18486184518093962
MMP14,-5.364694366555183
LOXL2,-4.526692002097129
MAP2K2,-0.45852250489410085
NOCT,-3.492811793459083
MAP2K5,-1.4827098361512965
TEAD2,-2.22700890168965
RAB3IL1,-3.390036461604397
MT-CO3,9.444809125907492
AMHR2,-6.086523090489184
AMBP,-2.504856485207865
GDF5,-5.661356368488061
ECEL1,-3.616122651178443
SMARCB1,-2.0697639595322896
STAC3,-1.3496028926109793
OSR2,-2.53489327688924
RHOBTB2,-2.6957770138195403
RHOBTB1,-2.713948614883017
INO80D,-3.2852831405793625
LOC105369243,-0.2197348934248523
ALPP,-4.273737433035219
MOG,-4.481243456044312
DRD2,-7.266467587321871
ABCC8,-6.158774526979763
COL6A1,-5.0065476051095645
HTR1E,-6.71293757318325
ALPI,-1.1037635041864202
BCL3,-3.0235410462180816
ALPL,-2.81870651546543
KCNE1,-4.485068726640941
LUM,-5.452148764023779
CDX2,-5.507485769880484
MC2R,-7.372027533389559
EPX,-2.725807856107298
BOK,-3.499908625228388
CACNA1A,-5.123294325295651
KITLG,-5.761796076235019
RREB1,-4.1783746897511636
MMP11,-6.261388605679223
RXFP3,-5.819819370107425
MICAL1,-2.4405288575255812
PDE7B,-1.9283970735564082
EDN3,-5.279542569387956
EDN2,-5.125714239116881
ZNF444,1.3964245748015014
ZNF362,-2.838477498371025
CCIN,-4.432258154441305
CAB39L,-1.0331681565283204
TREH,-0.6735922980149571
ISLR,-4.644899196824676
GSK3A,-5.10063947246094
HUNK,-2.677344891838763
ULBP1,-3.6140277237141873
MYO15A,-6.599119248258937
CSF1,-5.724902379792012
ABCD1,-0.3567715249302357
TNXB,-4.282644455185397
PIK3R5,-5.311391547144081
PIK3R2,-3.4196096204993953
NR5A1,-2.803640085068902
SLC14A2,-4.221804552959124
RHOV,-2.2207177259090156
RHOU,-2.1963935496631666
RHOJ,-2.8934904899840186
CMA1,-3.796565011837289
RHOH,-3.9681805746745558
FGF7,-5.830842198736094
PTCRA,-5.004446501185479
RHOA,-0.381192563920149
RHOG,-3.1424014975686116
RHOF,-2.668838042729905
VCP,1.3383834107148955
PLSCR4,-3.656628257929217
SGCA,-4.09862404577792
LRRC19,-1.9835864175091824
LRRC17,-4.019660161256456
HOXD13,-4.1352826562979415
PDZD3,-3.3927997859319565
MATK,-1.8738267239309294
CLDN11,-1.9913741961021592
EFCC1,-4.088287091499467
IKZF4,-3.9199751646512624
ABL2,-1.7067909547670506
KIAA1614,-2.3263031646383543
PCDHA4,-5.108734013466875
TNN,-3.679161552025947
GRAP,-3.299058967169648
CACNB2,-3.9196600968634216
CACNB1,-4.8379360760770815
OBP2A,-3.6338751558759586
TEF,-4.9527071017222
GP1BB,-5.105805664592931
FGF18,-6.200206296935822
PDGFRB,-3.697058828306293
PDCD1,-2.6170698800878025
TBXA2R,-5.360238627458038
RAB40AL,-1.8795559548929734
SMIM6,-4.206852082517697
SYDE1,-3.1139271576449015
FEV,-5.796547330920934
ACHE,-4.064576301774461
PRB3,-3.449602927613677
TNFRSF13B,-1.0008338533015082
CCL19,-6.144856275039479
ZNF528,-3.1967656487614526
IGFALS,-5.3958925961929465
IFNA4,-7.455645267263982
PRKACG,-4.511791734952169
PTH1R,-5.513645536955552
LGR5,-2.7233016492374746
JUNB,-4.18835207706444
GNAT1,-6.003532792764089
GNAT3,-4.939604615646288
P2RX2,1.1434035580709008
P2RX6,-6.080138954406153
AOC1,-3.3822308345455205
GLI1,-4.06920745427673
SMCP,-7.638612785838956
HSD11B2,-1.7337301135618548
PDGFB,-6.966872344661327
ERVW-1,-2.161315221894263
TNR,-6.426928456139721
PDIA2,-1.9049879636152856
EFNA2,-4.276281210652276
GGT2,2.256150177691793
SULT1A3,-1.210554798385301
LRRC55,-1.8496048911372003
RTEL1,-2.4056209426204505
SHANK1,-4.273373081725009
PTPRU,-2.6094056599557254
POU2F2,-3.994298627654191
COL14A1,-4.6215345571991024
GNA15,-5.5435430226305735
GLYAT,-3.3227862979418696
ACTL6B,-3.784321585846754
ZBTB47,-1.4973971850075227
CARTPT,-1.3794480371390037
SIGLEC7,-4.938216231625841
MYO7A,-2.979061311806264
WNT11,-1.1662415169436817
REM2,-1.8213630385166693
STX1B,1.1150352749515557
MYO1H,-1.9763910052884033
NF1,-3.5795645895605945
IQSEC1,-2.544837498153879
IKZF3,-1.560382946508033
ZNF143,-2.504800721030169
NANOG,-3.1097825435650304
ZNF354C,-2.48607576454862
ANK1,-4.219923617926523
ZNF221,-3.2977945400809774
ANKRD30A,-2.0322824168764573
CYSRT1,-1.6563479510094083
PRDM14,-2.972751876430691
RAB12,-1.3970021745646337
KRTAP1-1,-0.857877240584332
ERP27,1.463961281524261
ZNF300,-1.528669155596414
SGSM2,-2.7074870428355524
EFCAB13,-1.982576503103698
CAMK4,-3.994284008248212
LRWD1,-1.8669976498795464
ZNF605,-2.327188806605659
ZBTB18,-3.7981242519744187
MAZ,-2.161680507505455
ZNF844,-1.3926579073804697
CALML6,-1.5986028043009808
TINF2,-1.3410569311577485
ZNF776,-1.4766294564827918
LRRC10B,-1.84048949654165
SYNGR2,0.315298139813518
SEC14L2,-0.9619381913482525
CMTM3,-1.5833355807520861
RAB4B,-1.1156569067877093
TIMP1,-4.1084474765942725
MAN2B1,-1.7343564399296343
ZFYVE27,0.11600723271111263
CENPX,3.7094089410922306
PPP2R1A,-0.5547361418043646
LAPTM5,-4.558212729379148
ARAF,-1.9032128636890862
POLD4,1.9037581919573983
IFITM3,-0.4350804393772499
SYNPR,-1.9882960225625466
CMTM8,-1.1930846939794082
PLIN3,0.6339056359374008
CDK2AP2,3.4122597004402726
LTBR,-0.8434141011836604
INPP5D,-5.298781179502169
OGDH,5.978181878314264
COMMD9,2.608739893719099
SNX8,-0.7295476417919567
SCAMP4,-1.2799323246374945
PSME1,1.0828238412353084
STAT3,-5.252736826923567
SYNE4,-1.2932095586961074
VOPP1,-1.0534206209508779
EIF3G,3.1473442574352073
TOR3A,0.323122032579432
SLC34A2,-2.161628604575807
MARVELD1,-1.062192052301033
COX8A,7.022806054955593
PSD4,-2.6966792945245817
VIPR2,1.4123493155293083
PLLP,-2.9151533301436827
PNPLA6,-0.08700859927650367
CTSH,-1.3147046103882383
HLA-DPB1,-4.25664365762947
HPCAL1,-1.6685065303073296
SCAMP2,-0.8827358288198889
HSPB1,-0.05395686808305023
CTSA,1.2845894417189556
FPR2,-0.268738752353944
PRMT1,2.924770339899181
CREB3L4,-1.1105153928248876
IFI30,-1.7887474478734597
ESRRA,1.6337026671106318
CTSD,-1.8840128787824135
APRT,5.047602001456547
GM2A,-2.093423029132392
GUK1,1.5658159593046261
SMARCD2,-1.396229623504244
YIF1A,3.445535515832726
SERPINB1,-3.315069112295748
SLC15A3,-3.7415643730034387
PARVB,-0.12492073081943401
RBM42,2.7346339066638494
SYPL2,-1.1197102129163001
ORMDL2,2.1476163696040196
LST1,-4.408847236862422
ARPC1B,-0.2571514214836926
EIF4G1,1.9738864204516422
SLC2A4,0.2489666357340183
TAGLN2,-0.3443571407546373
TNIP2,-0.5674866692688967
C9orf16,1.8374598967454367
ADGRG5,-1.4691324808912039
TIRAP,-3.1546509874132416
UQCRC1,7.159656693385695
OS9,-0.6598673808447296
SZRD1,-0.19927910514377728
MRPL23,5.197212048872578
ALG3,2.8581173277061613
HLA-A,-2.0325795293101963
NFKBIA,-4.122678107748504
HLA-F,-2.7250346276735034
G6PC3,1.6173857451365203
SLC7A1,-1.4340843476068594
RRAS,-1.4584087800623604
ITGB2,-5.946695257693938
RNASEH1P1,4.1800200739910265
MYADM,-1.7955491009807716
EDNRA,-2.4442252915387437
MPG,3.5024460800605755
MAPKAPK3,1.5757324955717869
CD81,0.4705034777617359
DUS1L,2.1046132106986053
HMOX1,-3.7248729746977234
CYB561,-1.4809917772974504
TREX1,-1.3083826916653924
SLC35B1,2.327971699204232
TMEM173,-1.8763393188723403
PCDHAC2,-1.2380523926669307
FATE1,0.01950839656475967
SYP,-0.5997963341995128
HLA-DQB1,-4.739333054040874
ZYX,-2.4102983723495344
CMTM5,0.7130367978064162
TAPBPL,-1.8025416171311168
TGFB1,-6.3321079957914606
MRPL12,5.911282927562856
TFEB,-2.093749786979296
SGSH,-0.8298692642027045
MAL2,-0.43733163179994256
HID1,0.4371505166498698
SDF4,0.08139738964364208
TK1,0.6604082448915519
BLVRB,2.466224181686364
CYHR1,-0.56702555930247
CAPG,-1.4555797817909346
RPS6KA1,-3.136552742229704
SBNO2,-3.0140472372997844
ATOX1,3.9952647372138546
TNFRSF1A,-4.287566133788616
ADGRE5,0.7893729556152479
WARS,3.9661079746443493
TCIRG1,-1.900947015330687
PFN1,2.4218329030594345
CD14,-4.860478491891498
SCO2,13.377642160819786
FLOT2,0.4694513827922924
ELOVL1,0.7142507981209039
SLC22A9,0.6748460872983496
WDR83OS,3.515577785755083
CD74,-4.6805357911789764
TMC6,-1.7251405063720169
MYH9,-2.150120876651244
ASNA1,3.3310186514767177
TMEM134,1.1498224501490022
PSMB10,2.247702322184805
LRPAP1,0.543584310720615
LMAN2,1.2098198559999487
ALDOA,3.7662038441811685
STXBP2,-2.141026674182563
TMED9,-1.037739072049561
PLP2,-0.8887013887939195
RNASET2,-1.3847158609864316
UCP2,5.311113914431235
SNX17,1.5489232558932249
STAT6,-2.962197721931784
ATP6V1F,4.048737357527759
ARF3,-0.37845041885012043
SERF2,2.0666485465531292
TOMM22,4.210123899794237
TRADD,-2.354089687051703
CDC37,1.0155191322060626
NECTIN2,-3.257802669515424
CFLAR,-2.564833821291882
POLD2,4.0764531044332895
CIB1,2.1154117627529314
SAP30BP,-0.5451303389799041
ETHE1,13.313835603701348
ICAM1,-5.473687522329125
ERCC1,3.0014325977060747
S100A4,-0.3695528087055383
NFKB2,-3.9321550308832447
BSG,1.7285839672228824
SH3GLB2,-1.1712291803753905
DUSP3,-2.031819666062424
ASL,2.9231592273100167
MVP,1.0273131497989958
DPAGT1,3.039613722401052
CLIC1,2.336378112398021
RAB1B,-0.6913269190500243
COMT,1.3634554284900848
GNB2,-2.4903461517572447
TMEM147,4.943372586635318
GALE,0.806846896485581
TPD52L2,0.37227458860092594
EIF6,4.370598736959054
CST3,-0.36878336169423215
NFKBIE,-2.3112771006433164
TSPO,3.6174719187098967
ATP6V0D1,2.1904360997915897
SSR2,2.488430404347189
ATP6V0B,3.2199266330661236
CORO1B,1.5809586494396288
TRAFD1,-1.8754938666182903
RALY,0.8815901734611485
LTBP2,-0.9518800661863527
SLC22A16,-0.9493974734389987
MRPL58,7.038560023271701
PREB,2.1918073625426806
TAPBP,-2.1862552449905825
BANF1,2.85259299582123
EMP3,-2.9631329709944083
PSMB8,-1.0083080684238275
HLA-DPA1,-3.918403518442541
PSMB5,4.025965919414254
FAM89B,0.30244704881457746
PPIB,1.1938958805069413
ZBED1,-1.0790397252799238
CLPP,5.5565605609584585
AURKAIP1,4.209320523819481
BAX,0.396917084104284
SLCO1B1,-2.6053888044459685
GPR52,-1.1211445484543119
DDOST,0.5895067569858585
GALNT2,-1.0096162241919024
OTUB1,0.5531531714646227
GNPDA1,3.279289071958351
HLA-DRA,-4.752244679847906
INPPL1,-2.8267757902720674
PLOD3,-1.788407978441819
SLC9A3R1,-1.3813710615840444
TMED3,1.4592180101968286
GSTP1,2.1700350326790514
SSNA1,2.680547205320449
PEA15,-2.5970625228453486
APEX2,1.1620847644775631
ARHGDIB,-2.0300209025465543
SH3BGRL3,0.6208095786135758
CMTM7,-1.533243748255145
AP1B1,-0.9202885884307365
DPP3,1.9531218937166084
GAA,-0.1736509395987009
DPP7,-0.1919563492797463
ZNHIT1,4.1921760087189694
HLA-DRB1,-4.388318220300079
TRAF4,-2.4116247926765446
COPE,1.8523680369451176
CD44,-5.917635585388074
PDIA4,1.2088729340058515
PSME2,2.912917342736652
CD40,-4.606838592710703
COA3,4.4544348443087225
MOGAT1,-1.0099286618250094
CYBA,0.8793685580106992
IL32,-1.7990968728546348
ARHGDIA,-1.4899123570011854
CYTH1,-3.373450407177888
TMBIM6,0.6618384216058296
LMNA,-3.128561852876014
MSN,-4.299498006035298
SQSTM1,-0.6095331925235276
TAX1BP3,0.15168774640168994
ATP4A,-4.888649279845018
VAMP8,0.9212440608373446
SLC16A3,-2.43532087094256
CYC1,8.248544822685613
GPX1,2.0593995863287353
OAZ1,3.3345531033828517
TYMP,0.12917490448250404
CMTM4,-0.7522433997904298
UNC119,-1.8105515266626253
GORASP2,0.6999447897084332
WBP2,0.10656119243066808
AHCY,4.540364257534129
HLA-DMB,-2.7144301718111885
FUCA1,-0.9017999711407342
HLA-DMA,-2.409856519517402
METTL26,2.128964361344018
SORD,0.5825671316089506
HNF4A,0.5122074858917923
PHACTR1,-1.4467307467415533
RPE,3.74790036348624
MVB12B,-0.17374834581134402
CHMP4A,3.0133245450505277
CHMP4B,-0.5077040735140855
CHMP4C,-0.5068513402605153
PLCG1,-3.7987464987599644
CHMP2A,4.781511040496896
CHMP7,-0.9002082217512885
CHMP6,2.049998855589316
VPS25,3.4890367380315643
VPS28,0.9018757486861646
VPS37D,0.2034572973163974
VPS37C,-1.0159502527259547
VPS37B,-1.1903864926089531
ADGRB2,-2.625403865642742
METTL15,1.2855341457644573
SNF8,2.5086482827809644
MVB12A,2.409062700979411
SLC25A41,1.0332577249877308
VPS36,-0.7192646610247213
ITM2C,-1.7152624902930953
VPS4A,0.5229518880643934
RNF17,-3.9853426680818367
TSSK1B,-1.3963743440111185
GALK2,1.133895348930643
SSX3,-1.8853392185394566
OR5I1,-5.601504478032665
FAM205A,-3.3516103985417747
FAM186B,-3.0784540168035877
REXO5,-2.0918858876666473
RLN1,-4.159749659205915
MYL1,-2.3688741414932686
ADGRV1,-3.946242135514467
MS4A5,-3.679109649458964
SOHLH2,-3.4846088767991414
PPP3R2,-2.7094211561865804
SOX30,-3.305138099578295
FNDC8,-3.682660871780146
AKAP3,-3.740588212815179
OR12D3,-4.59225169112437
GAGE1,-2.053941156480958
CTAGE1,-3.22592646345926
FSTL4,-5.648582038115481
TIAM2,-3.510460893501498
MOV10L1,-2.566034328709736
ADGB,-3.23481857594723
THEG,-4.334539860785769
RBMY1A1,-1.5658031381992408
P2RY4,-7.39977436245893
PLCZ1,-2.459113783101751
BRDT,-3.466277645630426
C20orf173,-3.109110259269439
IFNA17,-6.306738092187863
IFNA16,-6.202914761104385
ELSPBP1,-4.153733470426895
DAZL,-3.2191640205612027
TDRD9,-0.968759311716602
AQP5,-5.131434448451562
FMO4,-4.429608905326701
SYNGR4,-5.0261614638920795
SPAG6,-3.635570202926352
TERB2,-2.803474415136123
TDRD1,-1.7934772700805628
C4orf17,-3.2607746415793457
TDRD7,-1.9770598654001346
BOLL,-4.29955579221599
TDRD5,-2.6397989273427322
TAS2R13,-4.841062744788794
SLC26A4,-2.285422933386131
CCDC155,-2.8056456609475258
ADAMTS20,-3.7292720256955127
ABHD1,-2.2004124033091492
ADAM2,-3.6229653989512034
CYLC1,-5.182168649208413
RFX4,-2.45996531197236
KIF5A,-5.052478411504911
NPY5R,-5.64943643765092
CCDC87,-3.259654350599803
CYLC2,-6.290442394051479
C2orf16,-3.259906357105701
DDX4,-3.9166200847626342
CCDC83,-2.7493450333644645
SPO11,-0.7627857659357296
PIWIL2,-3.6298858692036235
DKKL1,-3.349140167019593
APOBEC4,-3.0497328860859154
LDHC,-0.0097772831401546
SLC22A14,-6.236564323749893
YBX2,-2.9293475190885707
C16orf71,-3.4814021731496534
CCDC63,-2.8752537011072907
SPATA12,-2.7421046535963467
ACRBP,-2.8012444725554424
SLC7A4,-5.118850003373075
MAEL,-2.856837017320216
SLC25A31,-0.481862951650024
ACSBG2,-3.2038149642628366
TDRD12,-1.7876864507558905
OR2W1,-5.1699868659174175
TDRD10,-2.4213788402848464
PAGE1,-1.6280428725751062
SHCBP1L,-3.460317828954794
OR2H1,-5.074290876915747
YPEL1,-0.4172194259178634
TULP2,-4.749661545411043
NME8,0.2208323875559365
TEKT3,-2.790095291657469
TBATA,-2.4965527810689885
NMBR,-6.050039463094482
PRSS37,-3.452422695508045
HSF2BP,-4.189478056758715
RPGRIP1,-5.048861261975254
GRM6,-7.570927984372333
CAGE1,-2.9382538456947325
CABS1,-3.0885683732246547
NCAN,-5.391696996287381
PRSS54,-3.48641334395693
ODF1,-7.418507031640531
SMC1B,-2.7501396518917387
SPATA16,-3.2388434462749514
DNAJC5B,-1.193384072027354
OR52A1,-4.893651277897026
ZC2HC1C,-3.106555997201735
TCTE1,-3.4708132133143796
DNAJC5G,-1.7951373399143609
TAS2R9,-6.345296274532279
CNGA3,-4.6506738118378985
NPHS2,-2.490816074240493
GOLGA6B,-1.9617783948003282
TRIM48,-5.6625953843588785
TMPRSS15,-3.281796252229398
SLC26A8,-2.8315754202897203
ALLC,-3.1168865001557178
SPACA4,-2.8829448768158614
SPACA1,2.2751834744005492
TNP1,-3.9254528917766365
IQUB,-3.59507778203341
STK31,-3.1549075111912757
ADAM30,-3.7380249078868597
FBXO25,-0.6444614445226455
FETUB,-4.0844976768263255
PRR30,-2.9366386115140877
AGTR1,-7.1850413403825275
EFCAB6,-4.394010956801455
TFDP3,-0.7045752942249902
AGBL5,-1.367768099160062
MAGEB4,-2.1552082025769685
PIWIL1,-1.6262706910929385
TEX15,-3.3465354220272716
TEX14,-3.036230681833201
GAPDHS,-0.5515115119733912
HTN1,-3.17086574136704
TEX11,-2.256001278640794
CCT8L2,-2.301155481622809
TEX12,-2.547812504028893
ACR,-5.459247993094795
RFPL3,-5.882155319215174
SMN1,-0.7804961466714663
ADCY10,-1.6178424122672224
CBX4,-1.876714780671039
CD1A,-5.269209160248295
CNTD1,-3.138076616527756
BTG4,-3.821335753921491
CCDC105,-2.5265249338863454
NR6A1,-4.762866315893975
RRH,-5.948013116827377
CCDC62,-3.2644999659542036
HYPM,-5.526353506402975
SPATA22,-3.0022636494556463
TTC29,-2.8792144675710207
CIB4,-3.358677451080211
ADAM29,-4.60654611198247
PSMA8,-2.1139660010570847
CRYGC,-3.6550202524984057
FAM209B,-2.7786943700194975
FAM209A,-2.0720618145011414
TSKS,-3.4770736606447388
FSCB,-2.9862493799848076
MSH4,-0.14571214467771265
KRTAP5-2,-6.251807819382729
LYZL4,-3.042866578443388
CABYR,-3.2735054658320135
RBL1,-5.027627295985234
ZPBP,-4.615394508578382
C10orf95,-3.934277968231974
TSPY1,-4.264333055521816
SYCP1,-5.2084062352151435
TDRKH,-1.232874706814269
TAAR2,-5.321850866785911
WDR93,-3.2845465193628502
TAS2R4,-5.849820597702544
OR7A5,-5.485160000740387
CRISP2,-3.1781742215985407
GDF9,-4.658401978952039
PRM2,-5.107649884250909
CPNE1,-5.406456749534381
IFNA14,-7.473601001128074
PDHA2,0.4119468254095721
MORC1,-2.457319164883515
BIRC8,-1.6231425305553793
TEX33,-3.721053326141459
PZP,-5.897816379446569
LDHAL6B,-1.9519635378292655
IL12B,-6.188452618293381
TEX35,-2.537680372286459
TGIF2LY,-2.7711921830319324
CLGN,-0.6532301921870236
WDR87,-3.4160495206778037
ACRV1,-6.746944847550582
SSMEM1,-2.9128188850454877
MAGEB1,-2.362900354126113
SLC5A7,-4.11118437823374
ADAM18,-4.937426796986514
CLPB,3.277132409268728
ARID4B,-4.389441519819656
CCDC169,-3.282047031513014
ANKRD7,-3.9643944357840724
C20orf141,-2.83368857245247
TDRD3,-1.1789516636308817
UBQLN3,-3.954619987199801
OLAH,-2.6950614807231505
COLEC10,-4.159371731206832
POM121L2,-6.1985212820869435
TEX55,-3.08101180199984
GALNT8,-3.099354453758027
AURKC,-5.653397894289805
FAM71F1,-3.0600681731257358
LRRIQ3,-3.152690638990836
TAS2R16,-6.592267088481493
OR2C1,-4.65295769929563
CCT6B,-1.1470455981976004
TTLL10,-2.7893784467693976
CDC5L,-1.414096428732934
CPXCR1,-2.838646580502085
PGLYRP4,-5.150725547358583
PRPS1L1,0.044102632461499224
ROPN1,-2.7965583546058737
ASZ1,-3.1198894421981707
MNS1,-2.2854378681615737
ELOA2,-3.2942390424258576
TDRD6,-2.5442354109948524
LUZP4,-1.8149016126705266
POU4F2,-6.143964776618313
TP53TG5,-6.344480597155683
TCP11,-4.1546607898671395
TCP10,-4.7163745355766595
OR7E24,-5.099297107331289
MMP25,-3.472288800723753
PAPOLB,-2.934128700202713
C22orf23,-3.1211533149479664
TAF7L,-2.705615775256522
MAJIN,-2.892531770904149
OAZ3,-2.453254487937728
ACKR2,-7.492398502720308
C3orf20,-1.9905702122845073
TSGA10,-2.862611790434821
C1orf94,-2.6559432427979117
ZNF541,-2.708398085871786
SUN3,-2.965803526720989
FSCN3,-4.962609207779901
HTR1F,-5.682666403596436
RSPH6A,-3.477621047533774
SPATA6,-2.846311240398633
MMP26,-5.550142046701058
C2orf42,-1.7921970184507454
MZT2A,2.914543666810552
SAC3D1,1.954258506440072
RPL12,2.5389829832350577
NELFB,0.041953421365437935
SRSF9,3.1662160097975143
NDUFB4,6.367446961127415
SIVA1,3.781595033324123
NDUFB1,6.199820397858719
S100A9,1.5469804490029941
ANP32B,1.5654108900503714
MZT2B,0.46449235942340683
ATP5IF1,4.283502674243955
UQCRB,5.860414637030172
EIF3H,2.232061501385513
GPS1,2.6747804059460076
NOSIP,2.1699855987921515
EIF3L,0.895110478773818
CEP135,-2.5159875503019506
PARK7,6.865383176898452
EIF3D,3.2539002031412094
EIF3E,3.223598917482399
COMMD4,4.7386966259634145
FAM173A,3.4380859566405477
PLK1,-1.2320318291067396
EIF3I,3.9708926017965123
NDUFA13,6.362517774897835
NECAB3,-0.9854301069988884
MRPL37,5.230012736071305
LDHB,5.54347174185969
CENPJ,-1.9238582406541
IPO4,5.306295924793221
MRPS7,6.185041904369641
IDH2,17.793334646526848
SLC25A6,4.573922598326987
SCAND1,2.1021772227332662
NME7,0.37390375159906974
RPL11,3.429704568891648
PHGDH,0.6903327061252271
TEX264,1.3536506249962277
RPS16,3.905426221471896
UQCRQ,6.440551036224255
RPL19,2.33502469969177
C19orf53,4.549483281423968
ATIC,6.5228721171790305
SNRPD3,4.46948642524649
SNRPD2,5.687981162139664
PTMA,2.376976689017363
EEF1G,1.4985048956108913
EEF1D,1.956964133033485
RBBP7,-0.5450357411524258
ERI3,3.0938792167253144
CEP290,-2.18821902462521
SNRNP25,4.29367015340916
POP7,5.126105715353248
MRPL46,6.26841171479228
CEP72,-0.7193198771179053
TUBB4B,1.4146586464675495
PSMC5,3.044017328237757
NTHL1,3.2566879982653556
MEA1,3.7431789532903488
TLE5,-1.1443077450663408
HMGN2,2.2719970450535323
RPL8,3.767538972704482
MRPL22,6.5998929990576
MBD1,-2.5878747198126937
RPL4,3.929782176009463
RPL3,2.030402708623725
SLAIN2,1.0921132433349787
NHP2,5.344953980539523
DCTN3,2.9119529999726184
COX6B1,14.156094523239
TIMM8B,4.75164327379677
CHCHD2,6.2743208983969545
PMM1,1.293961773107732
REX1BD,3.0026708059379907
ECHS1,14.560830034670158
TUBA1C,0.44060072960349367
HAUS4,0.8173075540243168
MRPL17,5.165283438895612
MZT1,-0.5049291258482177
CCT7,6.119837724450488
CCT4,4.405895457287639
PRKACA,-3.889898404302754
TIMM13,5.026093085448596
SRP14,3.94157179141785
BABAM1,4.286443348594123
UQCRH,7.389717505412042
ATP5F1D,6.142216452056534
NINL,-0.6106219037690213
COX6C,7.885270743454252
PEBP1,3.7463188629780846
NUDT1,3.379060915329481
UXT,2.418663649682239
DDT,4.611933377039513
ECSIT,5.944891824457381
RTRAF,4.139070870363787
C1orf35,1.3468100609378424
TUBGCP3,-0.5926466368385739
TUBB2A,1.2390921088258922
NDUFV1,15.23921816996003
COX7C,6.885660348360496
GTF3A,2.6438339285069272
ANAPC15,3.8826317394738954
POLR2F,3.341869210844879
GPX4,2.736546899564797
HAUS8,-1.3405417850052002
COX17,6.484258068784581
LCMT1,1.5113106366545856
CUTA,2.005926853998744
RPLP1,1.1082827696684956
RPLP0,4.058962467649164
TMEM161A,1.9812769363816192
RPS7,3.594905253345102
C12orf10,3.713410599279294
RPS3,2.5341544919601993
DYRK4,-0.44865436010007137
PGAM4,3.874064614086633
RPL36AL,3.9205028295516895
HARS,3.7548379677971746
HINT1,4.988000641203912
ATP5F1E,5.92596701177912
RPS8,3.147281664851325
FAU,3.081996927459196
SNRPA,1.4227100883828352
NFU1,15.249873401830126
TMED1,2.431121474016954
NEDD1,-0.24959773864201434
CDT1,0.7685739672050658
SS18L2,4.0105224946740625
TBC1D7,-1.2271657403121623
RPL13A,4.303667077527733
R3HCC1,1.9270492433074393
DPM3,3.0669554020811036
HRAS,-0.6607395361714178
LRIG1,-1.5078819804557573
ETFB,5.278422856035323
RNASE7,0.4784033879438168
RPS5,3.614449288722898
ARL6IP4,3.0514223986321714
PTPRA,-0.38353312131297246
RPS28,1.2039954439664287
COX4I1,6.916852794359058
RPL35,3.094796334042861
LOC400927-CSNK1E,-1.8381085179186758
SMDT1,2.5016038984080504
FAM162A,3.2379462066190006
NAA38,3.0271523939838905
RPSA,3.2126099395208905
WDR54,-0.09071767962674843
TACC3,0.050565086925001376
PGLS,2.8423177001445357
RPS15,4.119823194780832
FARSA,5.815999108247102
RPL10A,3.7425969364836997
DGUOK,15.864119897211927
CDK5RAP2,-1.522198704157511
TUBGCP2,0.8485075144834044
WDR18,3.460240236313373
TUBGCP4,-1.0572963191012021
TUBGCP5,-1.0812169069106714
TUBGCP6,-1.559922909383126
FBL,3.8942991689774975
CEP131,-1.2481307737164038
COX5A,8.127957277854598
RPL23A,2.222320688006521
TXNDC12,0.13652047451176383
SF3B5,4.678437531646539
PRDX2,4.261870659723821
BAD,1.8817210382517306
PFDN5,3.0513697401801387
CAMLG,0.3660010376480251
CD320,1.2698605046630416
SLC2A4RG,-0.32199631942123313
RPL29,2.4066499189286112
PLEKHJ1,1.9957392262533218
RPL27,2.3657107883318225
NUDC,2.503849931863169
NOP53,0.7234920271084831
RPL22,1.4194272023182888
MYL6B,2.1372846901461267
MRPS34,3.905899049448623
EIF3F,1.7883065368782918
YWHAG,-0.9554707713469819
ATP5MC2,5.914612290223612
EDF1,4.314858538930459
NDUFC1,6.741376728481854
NDUFC2,6.062978340829626
LSM7,5.5232138931516905
TRAPPC6A,1.1067660545693672
LGALS3BP,-1.9492744531608457
TMEM160,2.5032100442312872
OLA1,4.079543335523457
TMA7,3.474405574506327
TUBA4A,0.2810779804729208
EEF1B2,3.184225026827301
SNRPF,4.147990302626433
SNRPG,4.9682128172219056
RPL36,3.132372703700692
RUVBL2,4.832901143599781
FIBP,3.990866302864583
RBMX,2.8920873530970983
TUBG1,3.222827989563088
HAUS6,-1.1318092683844723
TUBG2,2.03533299143614
PHB,6.731674766503857
BOLA3,11.81419706601053
CKAP5,1.1228457994432657
HIST1H4C,-0.8087575307005718
ATP5MF,5.870517539602843
ALMS1,-1.4123889971526624
MRPL57,3.952536301673416
PTBP3,-2.8803336041740604
OFD1,-1.425363704528371
MRPL13,6.01992009590229
USP34,-3.4223792580979655
TRAPPC5,1.80825524518998
ATP5ME,5.72389678125113
PRR11,-1.446967953603556
RPL9,2.133720831656333
CHD8,-1.9972903467115408
TUBA1A,-1.4320292759383457
ZNF160,-1.9168143234093113
HAUS2,-0.6997915081380123
ATP8B1,-1.9575250701664093
ATP5MPL,5.341488013084401
ZNF611,-3.38813420437933
IQCF1,-2.0211867581761704
RPS15A,2.584091910423141
RPS2,3.1411345512206004
ATP5MG,5.070261827224141
OGFOD2,0.37104663963692147
TMEM206,-1.6815527919571165
RPS27,0.7823834089467523
RPS20,1.8968208252818142
GAPDH,1.8098514311000238
APLNR,1.16674920260721
MYC,1.864927345888926
PODNL1,1.300606137971937
SRPK2,-2.8473789093265376
NDE1,-2.0200235338316475
DCLRE1C,-2.1789127922258937
GTF2H3,-0.9037352107991837
RPS29,3.1528203399340278
RPL38,1.4397250192442763
DNPH1,3.361516308218817
RPL32,1.2371467019032054
NPY2R,-3.1243364172886974
CHMP1B,-1.0695608134348444
HSPA2,2.6607800356809945
HSPA6,2.515645919277194
HSPA5,0.11259385736430766
GNA13,-4.378659580372424
HSPA8,4.573042806285869
IST1,1.1076576080527407
ZFAND5,-2.4379634300500994
MAFF,-3.200088233641447
SNRNP200,-0.5188308917455537
BHLHE40,-2.9344934098520365
CNOT8,-1.4224296379015366
MTMR3,-3.3261447970714406
WDR5,-1.0476811097925585
ARFGEF1,-2.490373218408846
PSMC1,2.861226364563593
MAX,0.7225683493624884
MITD1,1.6159364681324226
RASSF7,-2.706661591649114
GRID2,2.654736132479861
IKZF5,-1.3955401474019118
BTG2,-3.241661479720935
EDC4,-1.1163256253100708
CC2D1B,-0.538080283891758
ETS1,-4.136405451463967
CHIC2,-2.492236111862364
NEK2,-0.7632006077514012
WDR48,-2.2963798542111222
RNF103-CHMP3,1.956007661842649
VTA1,2.092185395036466
TNPO3,-0.03367283849080362
SEC13,-0.19652903944051855
CNOT10,1.3924891184520243
SENP2,-1.6739376529566372
EIF4B,0.3028023599016475
USP54,-0.1897512477485363
PPP1R2,-0.48652222669179873
SSRP1,2.238299466663981
FLOT1,1.6017181743978859
TOX4,-3.1897567159820523
TRPC4AP,-1.527677352639255
AL136295.1,-0.6006569588342892
ABHD17B,-0.8223555367435383
ATF3,0.1966129266471846
CCL14,-2.061743738424646
RFC3,4.151575418901578
MAPK14,-1.516205908303284
EIF1,-0.5571266203629355
BROX,-0.6792460899693994
CHMP1A,0.19100384560915148
KNSTRN,1.8991044888066413
TMEM63B,0.20255532770501458
PICK1,-0.9846217903201353
GRID1,4.861933883655506
PPP1R15A,-3.07409258398082
GABPA,-1.8029407900496373
RNF146,-0.36637542276606616
ADPRM,-0.5201494201747706
CLTC,-1.236420162646838
HSPA1A,2.117669542982754
MAP7,-1.9219392712142211
ELOF1,-1.4044486479807297
EIF2S3,0.3696849928230246
HSPA1L,2.7692223016880506
PTPN23,-2.2107645941607803
PGD,2.396793337322965
WASF2,-2.3366481980766953
HADHA,5.300559768362877
NRAS,-2.525677778093766
SELENOT,1.1980533400561306
ETS2,-4.152691327801074
KLF4,-4.357986409251201
KLF3,-2.8771356047680587
ATP6V1B1,0.5654568493665877
STON2,-2.2937049381271777
SLC25A15,0.8971370798713801
SUCLG1,5.394308096499022
LMAN1,-0.32059339072515086
C6orf89,-1.1529576068367449
TFG,-1.4575297272450407
PRUNE1,0.6460776873174056
TGIF1,-3.1573766449251957
PMM2,0.7598116664803156
HIST1H4I,-1.0847138809130938
FKBP2,2.7488110060946207
TWNK,4.628967440150376
HKDC1,-1.2033306895261446
PPP4C,1.1372543209630928
LARP1,0.10701545752291601
WDR3,4.824008314164916
TUBB4A,-1.2828772544243061
AKAP8,-1.4022796618775268
BAK1,-0.35008226907707884
ACTA1,0.5178288720578186
ATP2A2,0.09304102962176748
ATP2A3,-2.2218012171565493
NOP2,3.3381063935756665
PUM3,2.582735382557067
WDR43,2.3446316083648004
XPO5,1.8449385971973742
CCT2,4.747303893293012
CCT5,5.150649188821183
AHSA1,5.292914463637604
PAM16,3.4831585119837327
TIMM10,4.170859110234746
CNGB1,1.8305200479578339
PTBP1,0.49512059311123974
UCK2,4.366375279123244
BLM,-0.6329159746987997
GDI2,2.1595854565492925
SFI1,-1.7923351543357404
DNAJC2,1.5716245770584398
PPTC7,-0.43662572041968306
MYBBP1A,3.4815327661128976
GFPT1,2.582572310941606
GFPT2,1.9557471442853067
EIF4A1,4.004867465685104
EIF4A2,0.9280513569678615
NUTF2,2.3729698704041504
PKLR,-0.11880765268820548
ATG101,0.17834683784614688
PRDX5,4.640090983022902
FAM86B1,0.8605005040331408
SAR1A,-0.24709124480581166
ALG12,0.10070447972625095
NOL6,0.18562586652817054
UPRT,0.1243634615767263
UBIAD1,2.9983291039712885
AK2,5.309067344201425
ATP1A4,-2.3866190886726106
ATP1A2,-3.445564786844718
ATP1A1,0.028011649384254787
MARS,4.080279086058819
SARS2,5.001839858800653
EEF1A2,1.190373827349477
MCRS1,0.7719646809353433
LARS2,5.955013778677415
ACOD1,3.3847129784131216
RDH8,-2.8003213381246796
ATP13A1,2.668993653253242
DDX18,4.754996713796298
PSMC4,3.376180287003196
NOLC1,3.4438976555231307
E2F4,-0.8408426429480743
CALU,-0.9753417867555959
FUT4,-2.2621455333855938
SLC1A5,0.16496684791160274
EEF2,2.7988657763195435
BZW2,4.740940621483413
MAT1A,3.750144323189286
PES1,3.4439355143374586
PYCR1,3.564895024350209
GNL3,4.560902958542133
GNL2,3.075225036789113
TUBA3C,-1.3778250062360426
TUBA3E,-0.21707250455025626
EIF3B,3.280375853519637
CNPY2,3.458616281085387
MRPL36,3.948947438056787
EIF2B5,3.1339312189188053
IMPA2,3.198056549024259
SNU13,4.471632339582321
ATP5MC1,7.081117424888052
ACTB,-0.42550992781227814
ALG8,3.969460792730244
ALG2,-0.6661850829686873
ZNF593,3.633989560109196
BCKDK,0.8271351827919226
BTF3L4,0.7477626046947269
RUVBL1,5.640099252295811
B3GNTL1,-1.05137429703951
FTSJ3,2.4540897220672875
DDX55,1.7138608759060352
RAB43,-2.8972884027510855
RRBP1,0.006559376104853201
PKM,1.4797468695459928
TPT1,1.785949023785753
CSK,-1.6558720086922107
BOP1,2.4811765207881575
MTHFD1,6.428593260364621
COMTD1,2.898912390684239
COX18,3.7323362412690386
TMEM214,-1.4036250049589016
HDAC1,-0.5173088705654496
SLC35C1,-1.8375798493482811
PUS1,16.825696033378097
PUS7,3.800184585000158
RRS1,3.538949318841291
CARS,2.7362522966398384
GMPPA,0.2826611003102564
GMPPB,1.9987630523314703
GCN1,-0.44605262465629875
ENO2,2.895441360661214
ENO3,2.8474541203659736
SND1,1.4673995162908793
DUT,3.1491817459636136
RXYLT1,3.1047913075629925
NAT10,2.3559278832150845
DLST,7.091894416964707
TCP1,3.7241074380246375
PRDX4,4.648119450221667
PRKAA2,-3.382696828110158
SLC5A6,0.17236268217846384
SLC25A21,3.739850861895746
BID,-0.03573032248469761
PFKP,1.7922173817239344
HSPD1,6.614896390012554
PFKM,4.41459046625015
PFKL,1.723842649716919
MTX1,3.647506257457331
GNB4,-5.5196320275409105
NANS,2.025337279599922
EIF5A,2.572279748029198
CCT6A,3.6984968893598786
MAT2A,4.743040830385749
ATP10A,-2.4324073028150344
ATP10D,-2.45719034529998
OSTC,0.7030285377790171
RER1,1.7402353405004964
MGAT5,-2.1783777897351366
MLX,1.7578024667859544
DDX21,3.6305668087447467
DDX27,1.6594428676115094
ABCC1,-0.3310496790970587
ITPA,3.6289055963717765
TARS,6.101861561702027
ATP6V1C2,0.0723173293209023
TIMM44,5.543106537431028
TOMM40,5.386505814571263
ACTG2,0.42195369038715713
MLEC,0.5783567784474796
TACO1,4.630388997771401
POLR3E,1.6924770083448397
ATP2C2,-2.59553185723686
TXNDC5,1.2494703229720108
TAGLN3,-3.9421726538026913
IARS,5.272582812169998
SLC25A5,4.742325481424394
SLC25A4,4.289412039913674
SHMT1,3.178751988144113
NME4,0.8405616801324614
DNAJA3,5.960102700013761
RMRP,5.605732216019514
NME2,1.93504732814452
NME3,1.0331846876911999
KPNA6,-1.475472428826616
KPNA5,-1.045535487392255
RUNX1,-5.956974366700041
FKBP1A,0.6760646111658053
SHC1,-3.3713846391257043
RRP9,2.4422817003023294
PPRC1,1.6979637246042896
NOP14,1.2710153525013566
TNFRSF12A,-2.541703823090021
PITPNB,1.1625707414280115
PPM1G,2.348040257839226
ABCF3,0.9155329762148636
ABCF2,3.5370454371190707
PODXL,3.6387340627741858
YARS,4.565729490004024
B4GALT2,1.3271920574950362
CHEK2,-0.5663215896054602
B4GALT7,0.613962209207528
CLUH,2.830037539140322
UMPS,4.109871893108471
TUBB8,-0.6397430662971383
TUBB6,-0.6737400801801956
TUBB3,-0.10976526947739872
MRPL4,6.066398202544721
SLC3A2,-0.7909055851369361
MOGS,1.3343674588503638
ZPR1,2.1614800631329616
CDC14A,-2.23341345143167
MYDGF,-0.14491888564508806
HMOX2,1.5230076615396382
ACTC1,0.5830966735548272
CTDP1,-1.2366082122489144
UTP4,2.1239253551348654
DNAAF5,2.2839312337882287
CTPS1,4.922292030954912
FOSL1,-4.021469210702934
PSMA7,3.0818530448450625
DPM2,1.5475321100411865
UGGT1,-0.49691914593287834
HMGCS1,1.5858597897887834
HMGCS2,0.5075185371398302
ACACA,2.141666911373444
ACACB,-0.24936204538739917
RABEPK,3.2833735388690517
SRMS,5.081665775478477
PUDP,0.7659781572688132
GMEB2,-1.7796126167827144
EBNA1BP2,5.39169254434052
UCHL3,5.775673944714562
TSTA3,2.03643429236252
WDR12,5.492870372860155
PPIF,3.42847347904952
SLC35D1,-0.8548349680405907
PPID,3.5297968448363073
PPIA,3.685561457606853
ATP11C,-0.6800588565331273
MDH2,6.401750782729673
MPDU1,1.1002968142557141
NIP7,3.122306765581898
DAD1,2.816895628503167
DPH2,2.3054611215780203
EIF4E2,2.0208177008899737
HOOK2,-0.6430819521257823
COPG1,-0.9899298200169553
ACY3,0.7135093763806821
GTPBP4,2.6196429413268896
NOC3L,3.300302022713839
SEC61A1,1.856145377055695
CKAP4,-1.7461778887260277
DOLK,-0.2875656433276066
NME1-NME2,3.7170798767799957
LYPLA2,-0.48475393139188827
DHX15,2.28546721273945
S100A11,-1.4799477235697214
UGP2,2.5961060026764975
ATP2B4,-3.9472926380935114
CIAPIN1,3.7387346477641312
GOT2,6.526270325597363
PFAS,4.691740196741878
RAB5IF,3.9762629274612498
P4HB,1.3557271157559025
HOOK1,1.007813644678407
MRPS2,5.791912897952926
COG5,-0.23412351102234277
LSG1,2.359298194975851
ATP2B1,-2.3620989884730044
DOHH,-0.6047028664442928
PA2G4,4.737707399516586
FDPS,5.69205282884498
CCDC86,2.1745860284663596
ATP8B3,-1.7026976552993371
ATP8B2,1.0443398589544908
SUMO3,-0.1601096041900211
KDELR2,-0.8326763601403921
ATP5F1C,8.47957487292565
HSP90B2P,4.729866714645568
TUBA1B,1.2771348808042737
TMEM186,2.9375164021759512
SLC35A2,-0.7735062120110974
NPEPPS,1.175849240377209
TOP2A,2.0588825778290962
GNPNAT1,0.7073028970257473
IL4R,-5.057598722110722
BRIX1,3.770124728639083
PGM5,0.9515912193764322
ATP8B4,-1.9291127263700618
PGM1,2.177996068238279
PGM2,0.5770291128224155
PAK1IP1,2.0757314485731837
JMJD6,-0.95901499716901
STT3A,0.009131312402022048
ACO2,18.051937552728212
FAM57A,-0.6208071830910009
SEC23B,0.23665880573332743
MPI,1.9953486213590899
POMT2,1.2784691637207921
TUBA8,-0.14827702323405983
NOM1,1.7551353932388878
ATP5F1B,7.304060151061438
OGFOD1,1.0891169006477377
TRMT6,1.3361171274017256
GPN2,1.2401769046069222
ALDH18A1,4.140544528539353
NIFK,2.3482817333866026
HDLBP,0.26285026289475943
SEC11C,0.26167841622354493
ATP12A,-1.2638554516675864
ARFGEF2,-1.8371091495312617
ADK,3.8833480572694783
METTL1,3.5055696666971885
PPAN,4.194506136079215
MRTO4,3.3765112871137073
BYSL,3.0288568487719956
KCTD5,-1.255384906408383
RRM2,1.8330932388528436
SEC31A,-1.637332129916543
IDH3A,6.725823082171365
PAPSS2,-1.897046679618995
TATDN2,2.018438232977343
PDIA5,1.5431789037860761
CFL1,-0.3048477750722477
TMX2,3.4295506265820968
SNRPB,3.0072833480258088
LRRC59,0.20113955084524449
DNM1L,2.6903629064740784
STK19,-1.1972524615857496
MGST3,3.846112587931983
NISCH,-2.026559751810238
CCS,2.652346514801046
NELFE,3.8719365248782127
PPIL2,-1.316858949932152
PGAP2,0.7605121021529132
RARA,-3.2100986976689008
EP300,-1.9396943493870018
SNHG28,-0.7173995567917931
FANCA,2.530847065470985
TBC1D22A,0.7590854627778677
CSNK1E,-3.5022485732018938
CNPY3,-0.23521638269730416
CD151,0.5924111619542756
TRIM28,0.3652591710230915
SLC25A1,18.271626783080297
PCYT2,0.8904888346387997
RANGAP1,1.6427260885018768
TWF2,1.5652194699615944
NUCB1,1.0144387656581073
PTPN18,-1.2653044838077494
PLD3,-1.4251836178513937
KAT5,-1.077513611480101
MLST8,1.6192717732542026
FKBP1B,-2.5164296814007647
HSD3B2,-2.4991169579652563
TRIP6,-1.208937324026802
FBF1,-4.462992506810161
ZNF395,-1.4748511297353968
FAHD2A,2.847284613928542
CPT1A,1.1967749338226483
PDXK,1.060623589294941
UROS,3.4822516270457253
ACAA1,3.072995851433499
UROD,3.7278502042977424
TST,3.4859040310809837
CHKB,-1.3475577052065641
XRCC6,0.8458986270588601
SREBF2,-1.3007293683531755
HEPHL1,2.5637865812788627
DDR2,1.1225713111417586
ALAD,1.2821856321288791
GPAA1,0.7749905282132774
IRGQ,-0.8636922411481013
DALRD3,3.1616623196494924
MPST,0.6440763220646003
ERP29,2.4803830611670685
SAMM50,5.095395583059703
POLR2E,2.508126198930518
KAT6B,-3.6798638696334502
POLR2I,6.208269012174925
IRF3,-2.057130374836787
TECR,1.7005445405490838
GALK1,0.16007832120342116
LRRC15,-2.3091496218784644
MSRB2,2.184619988990026
DDA1,-0.23784831411557622
ABHD17A,-0.8018737845104793
HDAC5,-2.1039290262871586
PI4KA,-0.17764985523082097
NAGA,-0.4152198403849056
NIT1,3.367076810632943
POLG,3.9582291152724576
RBKS,1.3902674765507168
ACADS,1.040247799487498
ARF5,1.005830456833424
AKR7A2,3.4652682305985465
CUEDC2,2.639944889372309
DNAJB2,-1.199314627709473
ATP5F1A,7.698205483648767
CBY1,-0.9050413221163072
MAPK3,-4.608086125109515
DSG4,0.5400747753535861
GALT,-0.4866834821382117
GNB5,-4.986412238664496
TXN2,3.791529040992284
STK25,-0.7855442074239627
SLC27A4,-0.6826161511898795
UCKL1,3.249663300388502
ZSCAN26,-0.8474491444906519
SPSB3,-1.409366992854899
VSIG8,0.627352479755583
RETREG2,-0.1693589608202991
GSTK1,1.9600450096960045
PPIE,1.5479084286965088
PRKD2,-4.494642676885205
RBSN,-0.029246479372068968
COX5B,6.701058021663329
PPP6R2,-1.1625195489818956
AACS,1.1496895699739111
OVOL3,0.7666894819773338
PIN1,3.147245145593134
AANAT,-5.4184696916603885
GCHFR,1.3041557598262292
NDUFS1,16.573544198481326
HAGH,3.027154537181614
TCF25,0.7934392480646181
IMPDH2,3.389975867354317
HMGCL,3.260975119993098
ILVBL,1.834239805029637
POTEE,-1.0565149491732728
PIGA,0.2466081874486212
ALDH3B1,-1.8748259947658916
TTLL1,-0.5342035879640823
ISYNA1,0.07033948406907516
CRYL1,0.9313686127908423
QRICH1,-1.532168135856501
NDUFS8,14.404701220101602
SGSM3,-1.152978154158548
DUSP14,0.8859236104729862
E2F3,0.10755227419271383
CABIN1,-1.9036143693635599
PEMT,2.2305094494242628
HEMK1,2.1094318360482323
OTC,-0.10928665938350428
PMVK,2.8911823208507625
SUN2,-1.0467056772890042
NDUFS3,8.550094389746457
ACTR1B,0.35892231995423934
NDUFS7,13.209941427192431
SDHA,6.908598008804863
ATP6V0E2,0.7911438407688637
ASS1,-0.9009054317732571
DUOXA1,-1.423268499224286
AGA,-0.7966135308918013
RAD51B,0.013952316721003664
SUMO2,0.3271334944362412
MAN2C1,-0.8532621667770245
IFNG,-6.514439878230545
PTGR1,0.12031670875924393
BCAT1,1.625771475715317
ABLIM1,-2.4318710004065287
TMEM184A,3.934735884996886
CYP3A5,-2.093780998686033
CNDP2,0.053147413650171255
ORM2,-3.0208248342250306
PARP12,-1.506787100576527
EIF2S1,4.1349523923326235
SERPINE2,-3.87484317089118
APOE,-4.734849545082013
TTR,-1.4646239747428385
PEPD,0.8981370408321412
PAICS,5.9895346999558345
GDF15,1.6477919561904526
UAP1,0.7278782124602472
NMRAL1,2.421008620682906
ALDH8A1,-0.5813388053203256
VEGFA,-6.039893137108767
PPARA,-2.6289457742207936
SULT4A1,-4.712714548240129
GLYATL1,-0.5117528691337689
KRT17,-3.9238747292929808
SELENBP1,-0.1392403239209683
SLC22A6,-3.675808998431381
GPX2,-2.6721724371301625
GIT1,-1.8014429169702726
GIT2,-3.82476748809717
SORT1,-1.4434757087119114
FLNC,-1.8185386404533683
SLC22A8,-3.3817024426863442
SESN2,-0.9752653913694921
RET,-3.268966499467109
SLC2A10,-2.2347759228135113
FH,7.330351696041433
VSIG2,-0.240749869092532
HTRA2,1.7180057825732262
MDK,-2.847206243116126
SCLT1,-1.7984366364250548
ASPG,1.2688266961586867
ASPA,-0.055724870260385494
ACAT1,4.228811704576482
GGH,2.208915542887515
KIF21B,-3.175235827944135
MVD,-0.4767175501720229
F2,-4.562684115803824
CNTN1,-4.354572562286931
TRIOBP,-1.9888890832374704
PIPOX,-1.383747208461849
GSTZ1,2.326970212181316
SLC17A3,-5.207111875111466
TINAGL1,-1.6227764185566886
MT2A,-1.2548124168468853
UGT2B7,-1.5042178140816491
G6PC,-2.5644166472383487
EGFR,-0.5947871783506878
BHMT2,-0.7864016057428364
ABAT,0.7871903902439855
BIN3,-0.9147890621274737
AQP3,-1.69933165612759
AASS,2.7051331148665745
DPYS,0.8543209370309335
ACAA2,2.032456605166297
GCDH,4.4771587534729465
SLC25A2,0.343061842647333
RPGRIP1L,-1.5222139202506457
PSMC3,3.112201792653207
ALDH3B2,-1.3379748393333788
NANOS2,-3.117688516360906
CD48,-4.655304142788169
FBN1,-5.174709826735818
STS,-1.435903753958224
HGD,0.6764853517215544
CRAT,1.2986750633087125
CFH,-3.4659956304462725
CFI,-3.7607497358521162
GJB1,-3.8013637372186815
FUT3,-3.022763864817058
CAMK2N1,-2.030988685741218
PCK2,1.3844882568829375
PCK1,-0.7273311340074823
NQO2,2.8167794602378833
AGXT2,0.8003489630206416
CYP3A7,-2.9773509010868544
PYCR3,2.4917601865943455
PYCR2,3.082308209953717
SLC25A13,4.699074112620399
EHHADH,0.4181993416027442
KLF5,-2.948490086202033
FGFR3,-1.7770072452699603
LAD1,-3.5543280149982275
IFITM1,-2.6303395166249706
CENPK,-0.5666066235446219
ASNSD1,3.6366384945012853
TNFRSF21,-2.2970947340627914
PALM,-2.717961521988682
SSH3,-2.031629248511558
HOGA1,3.246722130818076
WDTC1,0.47355055019241776
ALDH1L1,2.3279835552749994
SLC2A2,-3.321103059292237
SPINK1,-2.8395846241907816
VLDLR,-2.719879247402924
NANOS1,-6.193929027962888
SPTAN1,-2.7725437701281184
PROS1,-1.1261768469096056
LAMC1,-3.281268458274023
ATP7B,-0.3671439570681259
MYCN,-3.988754920772977
MT1X,-0.9589357962048265
NBL1,-2.4100137836333917
PALMD,-1.9482152389904808
NUPR1,0.8443632445377701
IGFBP3,-5.117596361424159
AGMAT,-2.5060173458526327
ADSSL1,2.163424006733358
CA10,2.7772812395099162
SDSL,1.9679888474880247
MTHFD2,2.546257298774267
EPHX1,-0.7206784615020623
TMSB10,2.048164992274694
PPA2,6.419050034590018
PPA1,7.175973244396073
FABP1,-2.482068112907765
QPRT,-0.18193921051926185
USF1,-2.5396511610095573
ETFA,5.820468771140153
MTOR,-2.9397239828950976
CLU,-3.0127729115057678
RACK1,0.6236504601661896
KNG1,-6.211846511467325
ALDH2,3.5287548857281488
CDK1,-2.044946378583345
CDK2,-2.097936290643418
CDK3,-2.0870518836076917
NAGPA,1.1341422163090014
LCN2,-3.325168057738192
PHB2,4.480486001543666
USP4,-2.0129356761097803
PRDX1,4.189230184810223
DDX11,-0.591631755895751
PM20D1,1.266213436618508
STIP1,1.958033820132617
CDC42EP1,-2.312548526829789
TNFRSF11A,-1.6648712667581511
ACMSD,-0.3170451414341785
LATS1,-2.8305927358249408
CCNB2,0.9636528947974322
DDX24,0.5332980804826899
ARHGAP32,0.7976262289947735
C4BPB,-1.8701443682456071
TUFM,5.959144458970208
CKB,0.5361958055179243
TPBG,-3.823684146355822
TPI1,5.735875191091066
PAH,-1.4346320083341733
FURIN,-3.8516178613364507
CALM3,-1.6014333220867902
ACSM1,0.9153520043794633
ACSM3,1.6837652492767943
PRODH,0.04059307181974812
ACSM4,1.522423627307035
ACSM6,1.5757950951671535
FGFR2,-4.920809878707318
ASRGL1,1.595700043486007
ERBB2,-4.728021324868069
ERBB3,-4.989721370600821
CTSB,-2.4652816162422146
ACSM2A,-0.16343489695250588
ACSM2B,-0.27304614639018837
SLC25A20,1.4405958999127555
RPL18,2.326425797964541
GMPS,5.620112012202678
CPB2,-3.0351978343037116
KPNA2,1.2906322843435007
FBP1,-0.701354505329043
ENAH,-2.808170750239012
PDZK1IP1,-2.8931284713119543
NDRG1,4.671186436048917
ITGB4,-3.9908766650708882
HSPH1,3.8774719700746876
NONO,2.4633015144075294
GLDC,3.412766525567084
XDH,-5.449947019948144
ECH1,4.719582357105777
SCNN1A,-3.629176109312345
ANXA11,1.9288803641620158
GBP2,-4.131485822599713
ACSF2,2.2290193053027623
PTPN1,-2.092993022648843
LCT,-3.917669315078792
ANG,-2.3784190745822897
EIF4EBP1,1.2056992140508191
BCR,-3.626953329294173
ADI1,2.3537693232302823
BHMT,-0.7623222224718591
ZER1,-1.2726422456799604
FHL2,-2.273028856817753
KRT6B,-3.0931193913937234
LY6E,0.011366604777778058
EFNA1,-3.3280604198276604
SRR,1.3476840794800031
PRKAA1,-4.014543768473187
ALDH7A1,2.0151692371657943
LGALS3,-2.013576132688105
ALDH4A1,2.3817828804563335
FSCN1,-2.1500538049541142
LGALS4,-3.409485971080753
PLXNA3,-0.7337609009195944
AGXT,-2.447224370530794
ASNS,3.6594335156380184
RARRES1,-3.2084608662637137
PLG,-4.393234650448363
S100P,-2.120065958715657
MPRIP,-1.7202915429594314
INSR,-2.1463964044332187
ALDH1A2,2.094907698648282
KYNU,-1.5675262211390477
CBS,0.2725410577488461
TFAP2C,-1.9361862908769776
RPL17,2.14950175238268
ACY1,1.9763639078046782
AADAT,3.2643289243430402
SIGIRR,-0.6231638315808826
SERPINA1,-3.8959003884756624
SUCLG2,3.695780483887002
IDH3B,6.776417032268802
HPN,-3.151254597446672
ALDOB,-2.146719135999381
HPGDS,-3.0611128228920794
HPD,-1.1348338746435653
PSAT1,1.784911189278169
PDK2,-0.41116961751708997
PDK4,-0.9826858606556022
ABCC3,-0.6585098103396462
GSR,3.8450925799937123
DARS,4.236902170181146
DOLPP1,-0.48967352507881384
AFG3L2,6.934371560482735
DMGDH,2.055726445131313
PLIN1,-4.203221849633416
NHLRC2,-1.9063680082945957
WWC1,-2.1983382536332097
KHK,-1.8801555703911723
CAPN1,-0.8374520817341948
PIR,-0.21970446510154382
IREB2,1.5730683117393733
DDX3Y,-0.8089312459082463
VWA8,1.6681070795930717
BAMBI,-3.1070422379702114
POLR2D,0.43811412732762023
CYREN,2.2181132062216835
CSPG4,-3.2453459268298133
TERF2,-0.5276215230595712
STC2,-2.0970987996132546
SLC7A9,-3.793797714211756
SLC7A7,-3.3293583062580434
SLC7A5,0.06761363143748075
AKR1A1,2.419944242727011
AOPEP,-1.2452982042280287
NAGS,0.23341851269231717
NEBL,-2.6129443956902665
TMPRSS11D,-5.7605962033575775
SIRT3,-0.09126818570274398
EFEMP2,-4.765485617147065
SGTB,-1.6515044392748583
ACO1,2.114685619832383
HOPX,-0.6165772725332437
TNFAIP8,-2.6044341295412536
SDC1,-2.8219621234181846
ARG2,1.6755621823520932
ECI2,3.6532855443281718
GGT1,0.2097380815924711
AIFM1,6.735715039882343
IL17RC,-1.929621768182089
GAD1,-0.8960504959488994
GAD2,-4.819244113252163
BAIAP2L1,-1.2178712495701178
TES,-1.210074944707084
TSKU,-2.4367572761637653
MTHFR,0.3964535143825623
SLC13A1,-1.8465567965666272
SLC13A3,-2.9223188479563853
PBLD,-0.6849438524118177
FES,0.42372290846957816
SERPINF2,-2.912066945656472
ADM,-4.2958235258705955
STAU1,-0.08121554443024806
RGS14,-2.970464129099931
PSPH,2.5857752327294174
STEAP3,-1.3585652346007868
TBC1D16,-1.808939436851733
KARS,6.770358465973707
SLC7A11,-1.9232652764687133
ELF3,-3.886458572914746
TXN,4.987956492253939
SERPINA3,-3.90214763387789
CRABP2,-2.727908362436204
PTPRF,-2.3668790470925316
CDR2,-1.2312345681984374
NDN,-1.9136097480164853
MLH1,3.260894049018672
GMPR2,3.5239522571599964
PLS1,-1.8046099817182124
TDO2,-3.104932075872594
PDIA6,2.008869686410942
GPC1,-3.5453722380005
ALDH6A1,0.6789590767371624
ALDH1B1,3.388254176022013
MTAP,0.05703156857369935
DAZAP1,0.5412655679698996
AARS,4.436780266603263
LOC101060399,0.1686349286777255
CREB3L1,-0.8889217624136011
ATF5,-1.1166278837202672
ATF4,-1.4946555864012574
FOLR1,-1.8514698847104682
LINC00671,-2.057873987828784
KRTAP12-2,-1.6754168841588508
ADAMTSL4,-2.1102707274580803
FHIT,0.1722182102211536
SRC,-5.534875931573745
AMPD3,-2.1525647059742914
AMPD1,-2.3502344183752486
MGMT,2.5034286415557183
AMPD2,-0.849938405320731
DNMT3A,-1.7737093328453661
REL,-3.13203274224777
FDXR,3.2585927039662135
SMARCA4,-0.7463088435428035
HINT2,4.4285408270805435
HINT3,4.486239457266849
RARB,-4.254865865562155
ERBB4,-6.2140209197682825
FOXM1,-1.0989649521771196
DNMT1,2.3964563197630286
THRB,-3.0898403154998717
APTX,2.5800691096974093
DNMT3B,-1.7294091720875326
ENTPD3,-2.0219838426090786
RPS23,2.866992566536731
ENTPD1,-3.445208748508673
WWOX,-2.476196537930146
RABL2A,-0.33676641881288544
ENTPD8,-0.3472947786772681
SH3GL2,-3.629408983607782
AK1,1.095116143746321
AK7,-0.15154382399177113
AK5,0.48654175683977097
AK4,2.402379035301437
PTPRD,-4.3684778716627495
HSPE1,5.961432428039103
SFRP1,-5.357274292694053
ARHGAP19,1.024033990726515
SPX,-2.8049927137902766
CTRC,-5.918929635827593
SPINT3,-5.85367043488003
NTNG2,-5.656566365429218
MPP3,-4.434280590465457
SLC12A5,-3.3841361379598176
SCN4A,-4.7761869097182155
PRKRA,-0.04163108997993754
THPO,-5.845237151382131
HTR6,-7.459039767942123
GPR27,-5.347844114572123
DBH,-3.7131889934082953
RNF186,-2.5395000610614797
CSHL1,-4.65536775476063
HGFAC,-4.71177388879689
TSHB,-6.873603051509342
TNNT2,-1.420846878618504
SLC11A1,-6.009904666831633
PRLH,-1.5743522391595244
GGTLC1,-0.9149969897296898
OXT,-5.632245299953139
LBX1,-5.530934826789414
PSG4,-4.214187977962596
FGF1,-5.8523411716288924
A1CF,-3.890351235150328
MYH15,-3.925177475228305
GABRR1,-1.581272632682036
SCN10A,-2.8394415179279036
STXBP6,-1.2930850003451895
SEMG1,-1.3093796274644773
FZD4,-5.625557660320225
LGALS14,-4.414964556061591
RHBG,-3.2721030190875777
CDKL2,-4.847183987244511
CST8,-3.972818035337978
GML,-5.464431971847846
OR51E2,-3.529416969991528
CHRNA6,-4.521889172242436
MAS1,0.4933649944079914
GPR37L1,-3.828008932359124
IFNA7,-6.1578658882093
RALYL,-0.44473269476971883
ABCA4,-3.4885909495378287
KCNC1,-4.295445452034755
PITX3,-5.80765880832643
PARM1,-2.0986909797667836
GCNT4,-3.3880744152338362
PGC,-5.196421321754525
TM4SF5,-5.414203171224784
DEFA5,-4.026078540280942
PROP1,2.141458969322877
TG,-4.5281936160187755
KCNJ10,-4.908488472342748
UCP1,4.927680610672728
PHOX2B,-6.139027169862658
ZNF709,-1.3988693935722556
FOXQ1,-1.4623344174763788
UBD,0.31572866256380266
PPP5D1,-2.6085766819110265
CAMK1G,-4.76879160776171
BRPF3,-2.0905517784713097
CAMK1,-1.6889899035180413
ARF6,-2.6117799356616778
TAF9B,-1.7822136138022533
RCVRN,-5.652951102309222
ILKAP,0.20394816380331612
INSRR,-0.0413379778788791
TTC13,-1.5716398685869577
LRRC56,-1.5779063919464418
ZNF708,-2.5362732075064507
ZNF66,-2.695373533263332
ZNF791,-2.9053917613755065
ZNF77,-2.300834640405383
ZNF383,-2.3331366954369406
ZNF382,-2.3088766189527647
ZNF354B,-2.8022281825040043
ZNF700,-3.5157342562511102
MAP3K7,-1.9539577442176026
ZNF264,-3.8982174066390303
ZNF782,-2.515682270885629
ZNF267,-2.802605607268326
ZNF587B,-2.730526634283602
ZFP69,-2.271637004990307
ZNF471,-2.619925543661232
ZNF470,-2.382171787405585
ZNF184,-1.8786775483316687
ZNF268,-2.986763698636323
CTTNBP2,-1.375320671941277
ZNF667,-2.293640182524425
ZNF45,-0.0995026898760152
ZNF44,-3.2517428386226532
ZNF404,-2.182553499205613
ZNF680,-1.1948863342355678
ZNF681,-1.5548438447525939
CENPCP1,-2.6146785997695434
LRRC2,-2.2733141495793525
MYSM1,-2.0442681203087854
ZNF764,-2.8278520757543864
ZNF284,-2.400229093954211
ZNF677,-2.3640541512826547
ZNF675,-2.620289101887186
ZNF674,-3.6333193793649037
ZNF440,-2.7216079104771946
CLK4,-3.995512916284894
ZNF442,-2.862929566280066
ZNF841,-2.343931269963865
ZNF845,-2.3842464102339167
ZNF679,-2.3417702557086706
ZNF273,-2.18809377757926
TTC14,-2.19294609259775
ZNF569,-2.268167224295702
ZNF568,-2.3365430875430584
ZNF567,-2.226997670184277
HDAC10,-2.63632075331599
ZNF565,-2.332876432554253
ZNF37A,-2.5844467958600625
ZNF563,-2.625038184550961
ZNF562,-2.7775703099397724
ZNF560,-2.4564577760911916
ZNF699,-2.4220431902888895
ZNF214,-2.795314437512055
ZNF195,-0.9177481472034779
ZNF283,-2.350871445678024
ZNF57,-0.46952703215123753
ZFP90,-2.4843831671784593
RBAK,-2.7143622165945906
ZNF599,-2.2428485531936735
ZNF606,-2.8352954188485224
ZNF607,-2.14718300791766
ZNF454,-2.062135330477997
USP47,-2.145011300320007
ZNF585A,-2.2986994294155263
ANKS3,-2.339172012613047
ZNF669,-2.7196715106935185
ZNF347,-2.456940850938562
ZNF765,-1.6147991944392082
ZNF875,-2.4845653636600638
ZNF510,-2.8946142072377925
ZNF766,-2.2340096595910235
ZNF517,-2.4476303340662064
ZNF514,-2.8021616657043493
ZFP28,-2.326047210820176
EGR1,-5.715423855627794
ZNF227,-2.488430291111072
ZNF25,-2.465071240297006
ZNF823,-2.56092582534819
ZNF583,-2.561813167867182
ZNF584,-2.317051880394748
ZNF587,-3.318645182326908
RBM12B,-2.4878999073211334
ZNF879,-2.3324488114658997
ZNF829,-2.3890844043526274
ZNF610,-2.233675099714141
ZNF613,-2.368597743438669
ZNF564,-2.838882950822446
ZNF614,-2.3026547722945025
ZNF616,-2.530382044112609
ZNF619,-2.4688267929610492
ZNF426,-2.6150387050388773
TTC32,-0.9814692695096935
ZNF425,-2.347647653896732
ZNF420,-2.3937271843357055
GUCA1A,-5.823008693748905
ZNF429,-2.3408881885666895
ZNF337,-3.0047263838991545
MAP3K1,-4.1882569997687344
ZNF23,-1.6638920799657273
ZNF331,-2.764278512597335
ZNF235,-0.8687493004591706
ZNF233,-2.4636410441615166
ZNF34,-2.7048953260256994
ZNF30,-2.4154494486468403
ZNF836,-2.311439909650256
ZNF175,-2.5334355293779915
MGAM,-3.411451537692326
ZNF354A,-2.725628981264169
ZNF534,-2.2184474126393754
ZNF530,-2.4000903230215513
ZNF571,-2.5030733041645212
ZNF624,-2.5370706657593782
ZNF627,-2.2573318882926916
ZNF621,-2.398580935087442
ZNF749,-2.744540359872347
ZNF623,-2.375713870978741
ZNF436,-2.6739682552936688
ZNF431,-2.36108995317708
ZNF433,-2.3003383290108013
ZNF432,-2.8130908443444516
ZNF92,-1.3817949537705916
BRWD1,-3.3284732313573038
ZNF439,-2.655726455314335
ZFP1,-2.551500840227375
ZIM3,-2.4935954532110784
GABPB1,-2.2941647813029604
ZNF324,-2.8159285584133578
TSSK4,-1.109781136646943
WDR20,-1.8836796466891628
ZNF473,-2.2340705758890356
ZNF689,-2.3880973521241087
ZNF527,-2.319749274779468
ZNF480,-2.336796106734711
ZNF529,-2.803469719257427
ZNF155,-2.359949411266669
ZNF484,-2.7616430320089878
ZNF665,-2.824985479644095
ZFP37,-2.6778526780867744
ZNF33B,-1.4595959115223345
ZNF33A,-2.526068966037981
ZNF132,-3.0788062682733037
ZNF133,-1.15351903714551
ZNF311,-2.314691154056315
ZNF317,-2.3869005042477656
ZNF251,-2.479386450979299
ZNF250,-3.0014470828355293
ZNF253,-2.095334882901416
ZNF254,-1.8351999247469923
ZNF257,-2.538744195756339
ZNF256,-2.441191563466705
ZNF493,-2.427364918051234
ZNF492,-2.7357519018649543
ZNF490,-2.7512233211969965
ZNF813,-2.4392221446233435
ZNF780B,-2.5987382091931113
ZNF17,-2.416810387720157
ZNF12,-3.8718289705775493
ZNF814,-2.460384125892028
ZNF7,-2.0041411275649175
ZNF14,-3.1095005091963928
ZNF726,-2.2362034927318564
ZNF684,-2.213469567911845
ZNF557,-2.524886109937107
ZNF554,-2.331439245004516
ZNF555,-2.4004540121328977
ZNF649,-2.4284112448976543
ZNF416,-2.4316240142229284
ZNF662,-2.448928813648363
ZNF792,-2.5879028297215094
ZNF93,-2.3018763789470693
ORC2,0.8943322709378365
ZNF324B,-1.1253959321364617
ZNF208,-2.9855973335714476
MCM9,-1.2711232219922
ZNF461,-2.371841322517586
ZNF154,-3.650060986313006
RHPN2,-1.7350907681107386
ZNF714,-2.1524833718523135
ZNF98,-2.183516273596871
RHOBTB3,-2.80451754743833
ZNF860,-2.1578996070819896
ZNF99,-2.430129055610163
ZNF468,-1.4006847049527853
ZNF790,-2.313402747491481
ZNF91,0.4706278783473204
ZNF543,-2.5219638990363635
ZNF793,-2.2990515848461635
ZNF460,-3.112585396108709
ZNF506,-2.871514971461128
ZNF549,-2.8475753569536266
ZNF548,-2.316538869345364
PPWD1,-1.0549521403549185
ZFP14,-2.5010368378793544
USP28,-1.2447383199418969
TBPL1,0.20905340483342325
TBP,-1.9066976139051826
GP1BA,-5.131478745676953
ACTRT3,-2.307571440932896
ZNF559,-0.86580730305109
TTBK2,-3.2240266833113354
PGA3,-1.1434993172904786
EPC2,-2.9923259726187488
KANK3,-2.3896299915165193
ZNF878,1.2932981698095678
NID2,-4.601286505534916
CPE,-2.3699879833726167
P4HA2,-2.0547688466579714
CPZ,-2.101729738882046
MFAP4,-0.5515534832238578
GPR183,-4.56629852268159
WWTR1,-3.596212950331284
THY1,-2.299754106913747
TACSTD2,-3.6248666685547
GATA6,-4.168792931802949
COL15A1,-4.502101537425741
MFAP5,-3.601812315327209
COLEC12,-2.438551766404115
ANGPTL2,-4.93213454693188
EMCN,-3.078897974326027
ITGA1,-3.899170136703335
ITGA5,-5.014363553953695
COL3A1,-5.109917421062353
SERPINE1,-3.038268440703177
ALPK2,-1.6675680057555782
COL4A2,-2.7209194094213487
VEGFC,-4.987923534838134
CHST3,-2.4831181978661307
ZEB1,-4.397748274585189
ZNF423,-3.2740341574600085
GPX8,-1.0667110327553777
VWF,-4.919988789438286
MYH10,-2.6140883939795696
DLK1,-2.593239288031749
HTRA1,-1.8494119088264587
TLL2,-3.7663248933634685
PTX3,-3.1006894995484515
SPARC,-4.651152605294699
TFPI,-3.9568859302311847
PARVA,-2.238018921065088
LAMA1,-1.8538163080362482
LAMA2,-4.39216429392317
LAMA4,-3.92157826982504
MCAM,-4.287530855757105
LEPR,-4.506640414341572
ADGRL4,-3.262180969754591
NREP,-1.8549264275516684
MXRA5,-3.9652782775454325
MTCL1,-2.2681813202167502
CXXC1,-0.7903185595345951
MME,-1.2573686250873968
CTHRC1,-3.0539294084023396
CALCRL,-4.156067463060571
SPARCL1,-3.8326259390681727
AFAP1,-2.3315330014794013
TWIST1,-4.628915562878977
TM4SF1,-3.2925037745336314
SULF1,-3.7828289874385956
LMCD1,-2.667886536097882
SLIT3,-6.326947423425776
DEFA1A3,-2.2609293066240754
JAG1,-5.79182574879968
PDZD2,-1.9044602394316772
SPON1,-3.6670396021294467
ITGB5,-5.036373056559449
LTBP3,-4.748686265063507
LTBP1,-4.082445001577095
FBN2,-2.5326739108928273
CA12,-2.2406145097316243
IL33,-3.7479872081265273
SOS1,-5.531160525520456
NRP1,-4.326459142331636
NELL2,-4.995051191945167
BNC2,0.15738633549529582
CILP,-4.928390165277032
ANK2,-2.8225171716120987
COL11A1,-3.707454544427161
DAB2,-2.7230783290606055
FBLN1,-4.194859726134226
FBLN5,-3.915175004120039
EHD2,-2.755083883533527
ADAMTS5,-3.312624391214893
ADAMTS1,-4.18690216188432
GNG11,-6.353990903219383
FOXF1,-4.210869673446717
FOXF2,-4.9067179601917505
PLXND1,-3.619656485418173
CDH5,-4.0087956968048895
CRISPLD2,-3.4880126946890226
SNAI2,-4.108363984996747
FN1,-3.071434951616953
VIM,-2.184024885689329
KCNH8,-3.770962000868432
CAVIN3,-1.8004616335474786
CAVIN1,-3.456503926351931
LAMB1,-4.737936942992699
ADAMTSL3,-3.804139537497617
COPZ2,-2.541994293615661
LCE1A,-1.7933615349580043
ANXA6,0.21462001051281304
NID1,-4.822989637120954
ANGPT2,-3.1705268762494647
ITGBL1,-3.5132468737030202
TMEM45A,-2.4319101668564937
IGF2,-6.627494551241036
DPYSL3,-0.15404298411532766
PRSS23,-2.9568861590591995
IGFBP2,-3.2933090900605158
IGFBP6,-3.5499233717812704
IGFBP7,-4.031846309189504
IGFBP4,-4.322571377945466
IGFBP5,-4.85983836562402
COL16A1,-4.051898075004019
GJA1,-3.2276828521717706
CD93,-4.711892807366432
PCDH17,-2.9278530434455865
GAS1,-3.6704148013575106
PCDH18,-2.1499288979598816
ANKRD13D,-1.2969748913274837
FILIP1L,-4.188070362921145
PDGFRL,-3.5107605662248176
SPRY1,-1.783839094397711
TRPC1,-3.6780026559736783
NUAK1,-3.4622275429416858
HAS2,-3.29653124289032
COL5A2,-4.780162156791571
COL5A3,-0.289620083978128
SUSD4,-0.29779635346141037
TRAM2,-2.372638623515317
HOXA9,-2.5534393284768493
TGFB2,-5.682872667376046
PTK7,-2.2371872794794756
JCAD,-2.727021563868179
PITX1,-2.2900625871259686
CD248,-3.4424036821553488
LOXL1,-3.981722932219141
RGL1,-4.314757731514389
MATN3,-2.3763373354361996
MATN2,-3.2525339679296548
HEG1,-3.820691630636128
SKIL,-2.548694778816374
THBD,-5.255147879770275
CALD1,-4.902551474818757
DCBLD2,-2.6966476332064366
AKAP12,-3.7468345539863086
NOTCH2,-3.579476371842151
ACKR3,-3.5832937883753466
COL5A1,-4.883213695028075
TGFBI,-4.252029663033459
MMP1,-4.1256485023927345
CHN1,-2.798757320675146
CAV2,-3.4143104719560133
CAV1,-4.462370676595171
EML1,-2.7062605909568958
SRPX2,-3.478954532554002
PLK2,-3.19187546739988
POSTN,-4.458591061556971
RORA,-3.3776512839610446
DZIP1,-2.4985562017070135
RAI14,-3.5888175073590145
F2R,-5.444273318205074
GUCY1B1,-3.864206595786882
PRRX1,-5.058338179753937
HSPG2,-4.7851494389032885
FBLN2,-3.9661598629975563
CD200,-3.275269496288692
PDPN,-3.337144759083281
MAP1B,-3.1828342793181705
FRZB,-4.89329361384816
TSHZ3,-2.1565356731521645
ZNF581,-1.2762762307585904
KPRP,-1.5146064457928867
LAMC3,-3.116283978675965
FRMD6,-1.7286790841222592
NNMT,-3.948594974355096
TIE1,-2.8975195526967696
COL12A1,-3.5626510860434295
COL4A1,-4.921353371640296
LHFPL6,-3.7649428413095323
AMOTL2,-2.6018248460151367
FST,-4.167551278479641
OLFM4,-1.2211772281239888
SNED1,-3.0619672012319077
DACT1,-2.811537186153465
A2M,-3.5578856714560687
ENPEP,-1.5540049508618639
KDR,-4.733285662280014
P3H2,-2.2511407956534675
LGALS1,-0.723554052490894
GSDME,-1.8600682602599354
SFRP4,-1.916546650736312
KCNJ8,-3.4419945880857856
PALLD,-2.127823628612761
COL13A1,-3.4071144944504788
COL1A2,-5.0890361217613105
COL1A1,-5.32072313973808
PPIC,-2.528795653210326
CDH11,-5.314882914299384
AOX1,-0.8964411435450379
CEMIP,-2.9360341733151816
ANTXR1,-1.527812299511507
PLAUR,-2.1089002115197375
GJA4,-3.7806057507367012
ECM2,-4.265682825823045
ECM1,-3.5249949334527644
AEBP1,-4.512360872086967
RBMS3,-3.745221766721475
LOX,-4.817628896615628
FAP,-4.074813221802325
RGS4,-3.888616501546903
RGS5,-3.430929903769258
GLT8D2,0.026405954083735958
TPST1,-2.4740426091843952
COL18A1,-3.8204572493043027
ENPP2,-3.391957516413192
EPCAM,0.4417419478045338
PLXNA1,-3.2136308938167444
OLFML2A,-2.8884768200647084
COL6A3,-4.779385907502951
COL6A2,-4.884650851978139
TIMP3,-5.740085850208121
TIMP2,-1.166290390013779
MSR1,-4.106223944040888
MRC2,-4.21900452431777
ITSN1,-3.757461217713863
DSC3,-2.9395612382933307
FSTL1,-3.889785052047533
MICAL2,-2.6324063201211194
ARHGAP29,-3.1812362221471457
E2F1,0.36304725843292135
MSX1,-4.4030949449146375
BMP1,-4.574141194504058
KRTAP10-3,-0.8492298808695457
TFPI2,-3.9312977552957244
SRPX,-4.359164426275082
EGFL6,-2.9300659318933944
FAT4,-3.5714255899327267
KDELR3,-2.380842222115261
PXDN,-4.188238247315974
HOXC8,-3.12921955705907
OLFML1,-3.253944143625363
OLFML3,-3.345047638727336
PTN,-1.828236965763592
LYG2,1.498880230050993
THBS4,-3.363608059034503
CCN4,-3.525916977875255
THBS2,-4.76603295449501
THBS1,-5.871841777852642
PILRA,-2.9814982349571966
GUCY1A1,-3.9635395339401343
PCOLCE,-4.109571479862632
TGFB1I1,-2.2095620753692606
TLL1,-2.394893413414994
EFEMP1,-4.525970452919462
STC1,-1.6173568548304684
OLFML2B,-3.8765513048179563
ETV6,-3.9826015882279138
SDC2,-3.821970278308903
TNFAIP6,-5.269050762230137
RBPMS,-3.4219698014788364
ADGRA2,-4.26901407473928
SPOCK1,-3.1887276497619346
WNT5A,-6.48879905364476
GPC6,-2.1432664005107442
EPHA7,-1.7149879529844987
GPNMB,-3.786890356282209
STOM,-0.7288211231513597
FZD1,-5.40022952552376
SGCD,-3.7453637062051226
SGCB,-1.8715320378691014
SERPINF1,-3.404238333221147
VCAM1,-2.47016852576463
ABI3BP,-2.3719528275384256
TCEAL9,-1.478430383536039
EMILIN1,-0.7424599034966726
CCN2,-5.21236625600672
VCAN,-5.185603998409063
ADAM12,-2.584091423746216
NOTCH3,-3.9426209754694868
LAMA5,-3.352981892011098
RAB31,-3.4619700249660035
PLOD2,-3.504446750684226
GLI3,0.18833083893483776
OSMR,-4.03645246337726
COL8A2,-3.5563201574287944
COL8A1,-3.546146974892302
ADGRF5,-3.718192825701307
PLAU,-5.285104306271141
PLAT,-5.139445640074736
GPC3,-4.501116962306216
TNC,-5.531309449144201
SERPINH1,-2.6639315299495867
TMEM25,-0.5604473184883784
PCDH7,-2.8308437253480117
PTPRM,-0.4235725524297341
PTPRK,-1.0286797929844127
ESM1,-2.23902352459218
CYP11B2,-2.213160107959528
STK11,1.709559494828554
STK16,-1.9573500839430464
DLGAP5,-0.12574112580163754
ZNF701,-2.3011893616915176
PIK3CG,-6.366676327962881
ZNF585B,-1.9930040662000268
IRAK2,-0.9909184164275666
IRAK3,-2.0324134613990874
IRAK4,-1.9658178612342248
ZNF43,-1.949802240551842
ZNF41,-2.7390806331698347
CSF1R,-2.707363706397398
ZNF682,-1.6963920700365207
CAMK2G,-1.3882064455327134
CAMK2A,-5.154048336558683
CAMK2B,-5.653022048626172
STK4,-2.6502852935911116
LMNTD1,-1.341343808927985
ZNF676,-1.6516527010519089
ZNF672,-1.4779840006088552
ZNF671,-1.6428672859114375
CCND1,-2.5258626910801247
ZNF678,-1.3048529647458336
ZNF774,-1.550456065510399
STK38L,-3.4582473722412197
ZNF771,-3.0580620878844873
ZNF197,-3.8253329878660867
CALHM2,-3.1725130261797183
CYP11A1,-3.951364188517503
ZNF519,-1.8427559173732007
ZNF224,-2.4891304174953186
BLK,-1.4177028576530208
ZNF491,-1.766244564468513
KCNH2,-2.720921532677055
CACNA1D,-4.507575583350061
CDC123,4.663199151923686
ZFP69B,-2.1187061517446164
CDC7,-0.929345131164426
ZNF573,-2.576049426356551
PLAAT3,1.4711776498782
ZNF85,-1.4161083668107026
ZNF84,-2.3526644858536248
ACTBL2,-1.0179870678923648
ZNF688,-0.6668461400108453
ZNF497,-2.1091510748035023
ZNF19,-0.9802004477516552
MLKL,-1.0006466728963053
ZNF16,1.2500543052413102
ZNF10,-2.0567401087747434
CDK18,-3.1456439643753176
CDK10,-1.6458938803651286
CDK17,-3.8831266929004133
CDK14,-3.6460288689251374
CDK15,-2.9165562741785265
ZNF304,-1.9724284473108455
ZNF302,-1.1840210692713133
E4F1,0.5777020508084272
TTBK1,-2.0365913300611904
ST6GALNAC3,-1.0737635519234368
CYB5A,1.5084237999613936
CYB5B,3.580310945712216
ZNF544,-1.087622515772398
ZNF547,-1.0468985794351153
ZNF546,-1.7739982677623518
ZNF540,-1.8106015783569573
PPP3CA,-1.5210640546125156
PPP3CC,-2.562034018852672
PSKH1,-0.357284811687209
CDO1,-1.6923436469061788
GCM1,-2.969496655560966
SLC25A11,4.61554318581931
ZNF333,-1.5335692860322967
SRF,-3.0289470146336424
FGR,-3.302838217324837
ZNF266,-1.6706539894887373
PIP4K2A,-1.9883466220607848
NMT2,-1.3829559375306377
RSKR,-2.9036137913433957
ZFP82,-1.733175922252887
ZNF670,-1.1306135159026418
HSD3B7,-0.4715317198231224
PAK4,-3.0100636723650793
PKN1,-3.8237425088532846
PAK2,-3.6502847629543087
IL10RA,-5.836346438230819
ZNF696,-0.593873212116428
ZNF596,-1.3074164675156064
TRIB1,-2.3814431456007994
TRIB2,-2.480820200061579
TRIB3,-1.7688173661281315
NEK6,-2.3676516445535976
ZNF600,-1.9410728598401361
AC006486.1,-2.3870516749081685
STK26,-1.0846069859543617
ITPKB,-2.4847127427524436
PRKG1,-4.734926974494777
ZNF768,-1.305023894636569
PPP1R9B,-1.743934164661545
ZNF180,-1.9030173619577562
ENG,-4.4217349560515595
NAXD,1.572984250238802
ZNF189,-2.585712240063938
PDIK1L,2.141124599846679
ZNF26,-1.3230867929822199
TK2,11.109538357077419
ZNF121,-1.6870263828562753
STK32C,-2.548164295202785
STK32B,-0.449982693751704
STK32A,-2.6926737052337617
CALML3,-3.2804512218295425
PPP5C,-1.379223888966587
CALML5,-2.3283153349084498
CALML4,-2.3568363051094963
ZNF501,-1.5199044257522996
ZNF117,-3.31195701915695
ZNF502,-2.018735684709015
ZNF112,-1.8385606419456315
ZNF239,-1.3111789319035754
HDAC9,-0.48185063542934026
PRKAR2A,-1.2641213401294544
PGAM2,-0.15550549587594634
OXSR1,-1.693982751743195
FLT3,-2.8138538578786854
MYH1,-2.745753304216344
CYP1B1,-3.9552764557492184
CDKL4,-1.7344213592266318
RPS6KB2,0.5674710065246626
ZNF343,-1.03442270511594
ZNF430,-1.7867268534804577
ZNF345,-2.241704185891365
ACOX2,-0.3826703149043454
CDK5,2.034769050732707
RAD51,1.8280513843386683
GDPD5,0.898970564830968
CDK9,-3.333362508447245
ZNF441,-1.4988126230313474
PTK6,-1.7808613529458925
PRKX,-3.6076830688663226
ZNF721,-1.2620910216841263
CEBPA,-3.42076316899476
ZNF3,-1.458260992058961
MZF1,-2.2301593523405434
ADCK1,3.1532512160994686
AURKA,0.43782350370590833
AURKB,0.3804117636948376
PRKCA,-4.737670272721006
NINJ1,0.06985454291696679
PRKCB,-6.931093150304463
ABHD14A,0.5898942010708078
AP2A2,-3.6515375675238233
NIM1K,-0.6985436391831684
CTNS,-0.8260479157720659
BCL6,-5.072662934082691
CYP11B1,-2.2797398678431744
MYL6,0.02136626993306186
PKDCC,2.3994060681419014
MYL3,-2.350573755664018
MYL9,-4.655474084679139
MAP3K8,-4.6196905911976485
FAM153B,-0.6013842624987126
DEAF1,-1.1250060398450117
ZNF773,-1.6485147630951
ZNF570,-2.174443047161417
ZNF572,-2.20284453952258
ZNF577,-1.5775862084462422
VRK1,2.455708282672378
VRK3,-2.2658188110324367
CREB5,-2.286174846568071
CREB1,-4.267740329479042
PNKD,2.702504674259414
ZNF334,-1.9649881167838419
PIP5K1C,-3.666773376728192
ZNF79,-2.4150482342770543
MYO5C,-2.5141975635228295
MYO5B,-1.1695653773859762
MYO5A,-2.280614579979435
DDI2,0.6614950762413058
RRAS2,-2.3194487412831393
ZSCAN2,-1.3443747756051132
SMARCD3,-1.5038363551487073
PPM1F,-3.9137495300649743
PPM1E,-1.1605026366280045
PPM1K,0.4092057858269709
EGR4,-4.808709269325708
CHEK1,0.25594345047615474
STK40,-2.5709044988704544
ZNF582,-2.274103288127405
PTPN7,-3.903714225472027
PTPN6,-4.464247822182795
ZNF615,-1.6084674115052415
MOCOS,-1.8629210357704162
CAMKK2,-2.8279483333200877
CAMKK1,-1.020561034007488
STK33,-1.9009741786684597
STK38,-4.009466550069398
CDK4,2.927029376942051
LCK,-4.593347820319254
SYN1,-3.220506436212183
RPS6,1.8240118478302312
ZNF35,-1.8573574429744344
PTAFR,-2.0351034743579732
HCK,-3.685615129443793
ZFP3,-1.121741975477734
BMP2K,-4.678524380746413
CD86,-6.001862162333498
CDK6,-2.23591883133128
MARK2,-3.0529233580575337
ZNF107,-2.43984665285939
ZNF100,-1.2086717289062536
ZNF248,-1.8726103716222184
TSSK3,-1.1826376112076282
ACSS2,0.33780960491583606
ACSS1,1.6604659746260213
ZNF329,-1.9595805256919059
ZNF660,-1.4195953038227185
SGK1,-3.727825892187739
IL16,-5.183354153789891
FIS1,4.19794877348749
PLN,-3.0061906307749737
PEG3,-3.3970873819127405
CAMK1D,-0.6832744527231466
SPATA20,3.0089500562718117
MAP2K7,-4.926310065117132
MAP2K6,-2.8393420002140317
HPCAL4,-2.4981230310957883
MELK,1.353479401543375
GAK,-2.6891317378268913
NRGN,-1.7876091515483237
PPP2R5D,-1.665955289813984
STK39,-0.7185129729368965
SAMHD1,-0.4305971785930709
ATF6B,2.4197533586423368
EFCAB2,-1.9810760522672932
ART4,-4.539855506196025
AKT2,-5.2419822629918285
AKT3,-5.800032770925978
ZNF70,-1.4793340186438728
ZNF71,-1.3521199291708317
ZNF141,-1.4454244584550164
GRK3,-2.7365808919862262
ZFP2,-1.9325218887051152
EDN1,-6.30997409360655
ZNF664,-1.3497172997800333
ZSCAN22,-1.611538947986626
RNASE2,-3.561905884522179
TAFA3,0.18216861319422936
KCNN2,-1.7038171699757203
BRSK2,-4.133246531316104
ZNF443,-1.5636500267430578
GSK3B,-2.6688191327475397
ZKSCAN7,-2.023848392601187
ZKSCAN8,-2.956682126984561
ZNF211,-3.134157198897066
ZNF219,-2.337130496842008
DCLK2,-2.7059493506285723
CHD3,-2.8246554320378543
PPME1,-0.9904307929367662
PIK3R4,-1.8734891161811402
PIK3R3,-2.8527659917832087
ZNF287,-3.2970481297991285
ZNF285,-1.10274430629505
PRKCE,-4.523031010605841
ZNF566,-1.6872520302127678
CDKL1,-1.8785616155525855
SIK1,-3.4374165301930266
SBK1,-1.508478303174141
PBK,1.6682690220236953
EPHA4,-0.6370107617042703
EPHA1,-0.8668937425466372
TMCC1,-2.538119207069245
MAPK10,-5.135716146629969
MAPK11,-5.915535636306908
MAPK12,-4.378797460482704
MAPK13,-3.903518421432402
ABL1,-3.171511565695115
CCDC106,-0.8321944932385097
ZNF625,-1.820725408596675
MAPK7,-1.8608021307900464
PHF19,-0.6328111024755405
CGB2,1.192959473552843
VAMP2,-3.324498776150245
FADS2,-0.6261187903043294
CSNK1A1L,-2.873607066033584
ZNF485,-1.3429845397939697
ZNF134,-2.0125722119724734
ZNF135,-2.07217149932967
ZNF136,-3.9441254820541602
MKI67,0.015936103012059857
RPS19,2.4375467171689054
ARL2,2.6134944160303633
RIPK4,-2.1177466400081877
TSSK2,-3.4532167950894324
TXK,-0.054497744148602756
AKAP5,-2.974733883271384
KRBOX4,0.5075264063741165
ZNF419,-2.2151953589974878
ZNF551,-1.511689808237357
ZNF417,-2.578959091658722
ZNF415,-2.476421891380051
ZNF558,-1.5266526372384335
ULK3,-1.6247766797962349
PIM2,-0.6056496132258037
LONP1,4.029642641780061
AAK1,-6.09645070830156
PDPK1,-2.9150996996902037
CREB3L2,-2.17976680797197
CREB3L3,-1.8864556166054334
ZNF286A,-1.6844350288994014
RPL37,1.6349410071878503
NCBP1,1.900236157810622
MFAP1,1.5127201539980093
PDCD11,3.8515275308683505
SMG5,1.3037893340232238
SMG7,-1.4322022823168201
SMG6,-0.6156943062072342
SMG1,-2.6774980229782672
RPF2,3.1048619205056984
SMG9,-0.8862602216565885
SMG8,1.0115414288348956
NOB1,0.5475395497962423
PPP2R2A,0.7336302971530602
IFRD2,2.4007655986113208
EIF5A2,0.6245740530118584
YBX3,0.831830903109345
RPS27L,4.029503438527942
POLR1B,3.001649576440619
POLR1C,4.130539707887373
RNPS1,-0.695535582832405
RPL7A,0.7235075232708623
GMDS,1.732388633305967
PPARD,-1.4653270440088804
PYM1,0.2997953731433693
SERBP1,4.828046632236482
EIF4A3,3.1534950515414244
RAI1,1.5885975107613828
MUS81,-0.6031510977425893
NEDD8,4.121585059081749
RPS4Y1,-0.47151023036054157
SPCS2,0.6245141334286604
TIMM9,4.2489664592646745
SRPK1,0.5796018643967034
TAF1D,0.65512598171719
SPCS3,-0.7524542752429912
EIF2S2,4.9771297778439445
MCTS1,4.307511837286608
SEC61G,4.145692245367398
SEC61B,1.963351842524729
EXOC2,-1.882536371551874
TRMT112,3.4426577029371246
EIF3J,3.5746037119506116
EIF3K,6.136548451664018
EIF3M,4.151578293670081
EIF3A,0.2832844845949845
EIF3C,2.131555430439015
EEFSEC,1.2423296714677106
EFL1,4.101667199933319
RPL37A,1.2227754040273329
RPL27A,2.8265037790259004
EXOSC8,2.4615188094039553
WIF1,-2.7099289131702395
ARFGAP2,0.15602963459074848
EXOSC2,3.430144473318569
EXOSC4,1.763042250260033
EXOSC5,5.056154793001083
GTF2E1,-0.5547735354256415
DDX56,2.6990524832542575
PLCH1,-0.9348889981639815
DHPS,2.954891966921858
CNOT11,-0.9216552852118102
ZNF24,-3.0671251336692884
EIF4H,1.2956704936768493
COX7A2,6.420049742003613
RPL7L1,3.009876504244199
RPLP2,1.4525506203241256
TEX10,1.2701648232412786
RPL41,1.5610227279850426
UPF2,-1.2408210672064823
C1QBP,19.80003428887428
SRP72,3.3374132802223464
RANBP1,4.2252143803110185
LETMD1,0.9713947600035622
RPS4X,0.6264439003626806
RTCB,2.8267866894763687
COASY,4.129092474980441
RPS3A,2.9816547283792953
RPL10L,1.1523055320122868
ERCC4,1.5519062579511762
ERCC5,0.594052944660262
RPS4Y2,0.09147596797055238
MRPS11,6.42770107803746
NOP56,3.2194950909163165
MDM4,-3.1745597402822012
NDUFS5,6.369785809960994
LSM8,2.489559791374099
LSM5,4.3826977515572665
LSM6,3.189428828136464
LSM1,3.960533997470662
CASC3,-1.9009126999410955
HIST1H3D,-1.499751174871829
DPH1,0.7791620982076696
DPH5,4.492463893861188
SSR3,0.31956273437979615
SSR4,1.4731622241628812
SEC61A2,1.6152112407417738
NACA2,-0.7785194694284293
LAS1L,1.6584195843544862
RPL14,2.3060742623391493
RPL15,2.682437311380896
RPL23,2.8776604109054067
RPL39L,1.121875092366403
HIST3H3,-1.2258908387903198
NOP10,3.415483841921788
ROMO1,3.64573634791105
HSPA4L,2.970765912673518
BCCIP,4.216562046818607
RSL1D1,1.24961872064726
RPL18A,1.782392023528985
ARRB1,-1.1415401794296738
RPS9,2.1810169355091844
RBM8A,-0.9814965018407142
PNO1,3.4252028377904375
RPS26,3.1856367767771103
RPS24,2.1515431475758624
RPS25,1.4528602248853408
RPS21,2.618815545793544
MAST3,-1.0963583283448888
SRP68,1.6414287786106787
MAGOHB,0.03483705746064617
DNAJC3,-0.7783703477826909
RDH14,0.11385168491021633
RPL28,1.1143577856923512
RPL26,2.0606027544774563
RPL21,1.4376846445203701
SECISBP2,-2.0445964682910347
TRMT61B,6.7518240868823405
RPL22L1,0.9196854430298027
HIF1AN,-0.25400967736802443
EIF1AY,2.674981685430706
OAS2,-3.278791022939911
MAGOH,1.7206459817861406
MRPS9,6.132405809260165
NKRF,-0.6398403897498347
UPF1,-1.0840175446931513
RPL6,2.0653107174079373
RPL7,1.5578129918032717
RPL5,2.1499576329487855
PABPC4,1.027065905550421
EXOSC10,1.8400918249317646
NACA,2.5843083774027624
ISCA2,10.616387865066717
POLR2G,3.340685984156506
POLR2L,3.391799002939613
RPL35A,1.292291561286474
NPM1,1.309536189256804
PABPC1,-1.1355747488801275
PABPC3,-1.0195158807671565
NSA2,3.5882693011269864
HIST1H1E,-0.6039449801780061
EXOSC9,2.131350488125063
PSMB1,4.926523724881884
RPS13,2.116695608450376
MRPS12,5.540123318341383
RPS11,2.059041104207667
RPS10,2.5246489287747744
RPS17,2.3812180644024368
RPS14,2.028537352278462
RPS18,3.0338937597932314
IGBP1,0.28442899797236154
RPL3L,0.06692063223950323
SRP54,1.6646544142040733
SNRPN,-1.1932032976728058
RTF1,-1.3288363716786957
SNRPE,4.128678187514814
RPL26L1,4.813010987982875
RPL39,0.7778566154644859
RPL34,1.6965115295050983
RPL30,1.5821731939600725
RPL31,1.9959603840966313
UPF3B,-0.09714109182471345
UPF3A,-0.6293233303753726
DKC1,3.319805825850259
COPRS,3.2962519224183406
SMARCC2,-1.725227853225798
HIST1H4B,-2.6217687811696053
SMARCC1,0.3157434702725242
HIST1H4E,-1.6743750434509759
HIST1H4J,-1.9950859388081397
GLRX2,4.801621658464849
DCTPP1,5.728146987189145
SCO1,11.044647873864356
LYRM4,6.698074249426383
PRPF4,2.6773134915856414
EARS2,15.234339467847054
PRPF31,1.8117048188232314
CBFB,-0.21187213861462734
MRPL51,4.618215300966797
NDUFA12,12.112701719173769
DPY30,3.3569156912942546
SCCPDH,3.276355650159927
USP39,1.459514855248784
HYLS1,2.67925296006188
SNAPC5,3.463759532548094
PTRH2,4.498425698188676
MTCH2,5.087980276490914
H2AFX,-0.39617596407926
H2AFZ,2.8581385439912173
POP5,4.3040659917144515
MRPL24,5.245463872937482
ADCYAP1,-7.380105201046861
PTPMT1,2.9228878649858734
GTF3C6,3.486875037841904
SLC25A33,1.6734429613767383
EFTUD2,3.4053389310907067
PSMG1,5.527997275549039
HIST4H4,-2.6293894506135795
NAXE,3.3111701944536125
HIST2H3A,-2.725484844456202
HIST1H2BC,-1.0118399993535554
CMSS1,4.2709499640456645
RBFOX2,-1.9941590184152915
VBP1,1.5156159552790949
ARRB2,-2.517002835597226
NDUFAF3,13.595631244051123
NDUFAF2,12.011119827292738
ADSL,6.555617196569929
HYPK,3.080923233185548
MICOS10,3.460700839019592
CFAP36,1.140510822282047
GEMIN5,2.954027318373145
PSMB6,6.085490888374508
WIZ,-2.4312231773238593
CRTAP,-0.05834916364693118
ARL3,0.841360854058514
HIST1H2AJ,-0.5899228961735432
HIST1H2AD,-0.6941641511354606
TXNL4A,3.076571533390497
HIST2H4A,-1.600348211842821
TRMT10C,6.405570303681632
TIMM50,5.03083243144866
COA6,13.99370059973687
HIST1H3C,-1.9129481518297493
FAM216A,3.7907180460077603
HIST1H3E,-1.4170135518392941
HIST1H3J,-1.9625628705830698
HIST2H2AC,-0.9290779915691741
KTI12,0.39034279169200586
EWSR1,-0.5230551066389673
EPG5,-1.544870670501274
LINS1,-1.729510631480995
KDM2A,-2.0123806104485076
CEP295,-1.957958457159771
AKAP9,-3.8932420499954
ZSCAN16,-1.5902682034651807
DSTYK,-2.890510042727673
RC3H1,-1.7906970833951583
ZNF451,-1.2365985705997231
AHSA2P,-1.406510396165694
RSBN1L,-1.918115420884247
TTC39B,-0.5778395580033701
CEP85L,-1.767039196072393
NPHP3,-0.23940179151112922
SLC4A7,-2.6873900057211046
ZNF816-ZNF321P,-1.256535232652755
AKAP10,-3.0383727130186666
NCOA2,-5.882803920725091
SMC6,0.9067407973859635
ERICH1,-4.140340446757629
ALG13,-1.4421465692708715
SREK1,0.16165355011386828
ABCA5,-1.9591929039597176
PBRM1,-2.90852438667484
RBM6,-1.6086891174859685
RBM5,-2.4190786294862208
RAB2B,-2.0350759127679945
ARL16,-1.4257179266582825
DDX17,-0.9539263301659415
CDK13,-4.475150500556513
CNOT2,-2.456729661046882
N4BP2,-1.1218288735776143
MIS18BP1,-1.6322300201263509
SEPSECS,-4.664010612413042
HMBOX1,-0.3692352140782771
PNN,-0.542949081642681
FAM126B,-2.122996895129013
IKBKB,-2.213391389838986
TNRC6B,-2.9299569896945714
PCF11,-3.6385995166826435
SMIM29,0.3895268628993794
NPIPB4,-1.959981185579788
CEP192,-0.7399544027564405
BAZ1A,-2.0509303870323254
SSH2,-2.9184528653955857
MANBA,-1.9204790326747616
SLTM,-3.167322832172697
NFATC3,-3.9797308465310484
CCAR1,-0.9180415213673381
SHPRH,-1.4948719882319335
CEP97,-2.778905822947281
MPHOSPH8,-3.022141537865946
ARID2,-2.4597989545725203
HSPBAP1,-2.875330629683499
LCORL,-1.8301067555505404
RCOR3,-2.4032612254403425
RASGRP1,-4.543065211445754
ATXN7L1,-3.157881047927088
SNRPA1,3.9038704189726015
USF3,-1.7961696708885897
TRAPPC10,-3.122954948497035
U2SURP,-0.04967448337613558
ZNF808,-1.7793507880403867
ZNF805,-2.025456603424292
UHRF2,-2.5371659974509386
TAOK3,-3.382804391823649
MYO9A,-2.691643648923389
USP3,-2.8311733384625843
FAM13B,-3.881404172301487
FAM192A,0.5906894443331859
ARAP2,-4.004298379256038
RALGAPB,-2.208480591501415
ATG16L1,-1.9363800242495341
MFSD8,-1.0205491193438592
RUFY2,-2.2061065642214825
KRIT1,-1.3936639713755326
FBXO11,-2.487038576513943
PRPF4B,-2.6168675857780914
ATF7IP,-2.8378884338043275
RAPGEF6,-2.2182195181062854
S100PBP,-1.1535016993621845
SLC30A7,-1.6458664157327125
EML4,-2.23932209869712
DMTF1,-3.431009998062568
ANKRD49,-1.8250027528028667
SETD2,-3.7123189334342186
USP37,-1.7126006696862968
SYK,-3.234374706626789
TTC17,-3.065050326448692
ZBTB20,-4.085148865664186
TASOR2,0.4525676116925199
MED23,-1.6018425050770864
RICTOR,-3.1401282561501085
USP48,-1.8308931114368887
JMJD1C,-4.15680892547344
RBM39,-2.020157313582696
CDK11A,-1.8468030601423449
TENT2,-1.860476028356705
ZNF586,-2.216034020616268
REV1,0.4558995353750256
EHMT1,-1.4101248780505495
PHTF2,-0.9542237645943241
MARK3,-3.0117887317436405
ZNF101,-2.2210461210977455
NAA16,-1.718054621143282
NEMF,-0.658546391359129
FAM214A,-1.8259988194039507
CFAP44,-1.236149876153944
SON,-0.3466248857145093
NIPBL,-3.1597353251320532
HNRNPA2B1,1.8002703152689352
RSRP1,-2.0784898710747948
PIGB,-0.8738681690451514
WDR33,-1.5811013420763131
KMT2D,-4.297425456173863
PKN2,-4.208343430349657
TIA1,-2.400885163082674
ZNF292,-4.860464474881386
SP100,-3.4796422053549967
PI4K2B,-0.0021048320279372043
TRMT13,-0.11540535665757447
ITSN2,-2.6326196481538036
CAPN3,-1.3497678109080016
PHC3,-1.8512340340134172
CREBRF,-3.086796598944972
ATG2B,-1.6345305339417946
FAM76B,-1.8758672784874446
L3MBTL3,0.1853007150452775
XRN1,-1.138443990809542
NRDC,3.334076191977935
TRIM33,-0.9548482859152313
LUC7L,2.3617768732692186
ABHD18,-1.8581940712628824
LRRK1,-1.3429091947369367
CHD9,-4.7138024735821
ZFC3H1,-3.2843498557241757
ANKRD27,-1.1047060712681505
KIAA1109,-2.477254153251297
KDM5A,-3.0935652970823755
AGO4,0.23878262868775263
AGO2,-1.5541844202441073
FNBP4,-2.4022952707608547
BCOR,-2.865576869647814
GPBP1L1,-2.0741175232296016
ZNF138,-1.6224696687522804
LPXN,-3.711386059171954
MPPE1,-1.7293807105388934
VPS13C,-3.277658451297852
VCPKMT,-1.8997053170379565
DENND1B,-1.6401426467395137
RASA2,-3.4174366584630644
ZNF707,0.7612070003826258
BPTF,-4.0350397621065985
STX1A,-1.533312050444809
MRPS10,4.2496197881299524
CENPB,-1.6677688954331522
ZNF747,-1.0871472834776081
MRPS24,4.437417266306228
MDFI,-1.7193899086413507
MRPS33,5.7198273560902075
MRPS31,3.671133960959868
DCAF1,-0.8822867439783229
ZNF783,-0.11979569996234224
PTCD3,3.7984285700841656
ZNF579,1.155811932458951
DAPK2,-3.8286362776587817
ZNF316,-0.9055170330960634
SIRT1,-1.9145651812850466
ZMYM6,-0.7605430422539811
ZNF445,-1.2111953923420402
MRPS5,3.3787597163874117
MRPS18C,2.844311468837139
HIST2H2AB,0.14453947584899815
MRPS26,2.171983281243284
LLGL2,-2.208110060550656
KRTAP10-7,-1.3574450040377921
KRTAP10-5,-0.49625656725021733
MRPS25,2.812522978034979
MRPS22,17.630368035899945
MRPS23,5.493453095836285
MRPS28,6.232969226395363
HOXA5,-3.005609491334648
NKTR,-3.7794805981224764
DHX57,-0.8879694396386427
TOR2A,0.5293321115403471
NIPA2,1.6245648595640603
S100A10,-1.9832195569404367
SMAP1,-0.14332699529214454
TPD52,0.2264565344375437
COMMD3,3.128821147081171
DRAP1,1.8133569430888836
VDAC1,6.1290009113206985
PARL,3.3032569930557005
GNG5,0.5132625269680009
PTGES3,3.0028196668834974
NUP54,0.14639694511276113
ARPC1A,1.0032592340307056
POLB,2.3895439551905984
FAM49B,-1.6739753067353265
CLTA,1.4042269709012152
SUMF1,-0.8294995698726694
PSMG2,2.8989806159068108
TMEM70,14.014353945621865
FDFT1,2.832441804989888
NUDT9,2.5139381150783726
CLNS1A,3.647814403788762
MRPL15,8.348455065387226
MRPL18,7.294381670416465
TPRKB,4.596081771945986
ITGAE,2.8999670323297764
PTDSS1,2.561789533115884
ZNF207,1.4401211657367434
NDUFAF4,14.809314353578467
NDUFV2,17.781257894069036
PSMA3,2.655777337992552
LAPTM4B,1.2114893101165314
EMC6,3.909940970620072
ENY2,4.057171803128075
RAB10,-1.042116396862148
NDUFA7,6.585385549307048
NT5C3A,4.410588079176215
CKS2,4.010916498962348
JPT1,2.559752714357667
MAIP1,6.501635416314546
CMC2,5.664458435829001
NT5DC3,0.18532933789923167
MRPS16,5.997681321461999
UTP3,0.9269496802954043
GTF2A2,4.5772612588151596
TMEM258,4.25916839488874
WDR82P1,-0.45798019689240166
CIT,-1.6306969130433526
CACYBP,3.636773717679399
CNIH4,2.753031983834361
TRMT5,18.486236544669886
DYNLRB1,1.4731739362531193
CNOT7,1.3227073570327736
RMDN1,3.5582070481414143
LSM4,3.614702185507669
COA4,4.635678462132428
INTS8,0.11244790452931532
ORC5,3.604486987449246
LSM3,5.188719343465871
UQCR10,6.580698943463457
LAMTOR5,3.3866019353186805
EEF1E1,5.469826481735606
ZNF704,-1.0145701309123871
IMPDH1,0.9160701009918473
DCP1B,1.316934286922664
SF3B3,-0.5097590686938565
SAP30,0.4349858094885671
ZNF260,1.2342691271735484
ZNF414,-1.9739352986289673
SIN3A,-2.9229959234128047
SUDS3,-1.7764565952232574
INGX,-1.5005165108176326
TRIM67,-1.5448349639894157
ZNRF3,-1.2908015988328057
SAP30L,-0.7012523156960795
HIVEP1,-4.306280340225581
ZC3H10,-1.3422188407976283
FAM168B,-1.8175221856701758
PRR20D,-1.4689451856837825
TEX37,-3.2259023774006175
JUND,-2.846897673651063
ZC3H4,-1.6419545329903498
HELZ,-1.9674989326461867
MKRN3,-0.878068999112663
MKRN2,0.406845830840932
ZMAT5,0.9263801676778621
LOC105370298,-1.2758668128239818
ZRSR2P1,-0.6194152660221516
DAB1,-5.142261327288101
MLLT6,-0.9118201811260938
OXER1,-3.808703570065225
RBPMS2,-1.415434030190866
DDX39B,-0.5337291264637718
RBM27,1.387003523325378
U2AF1,-0.0929658988051687
PRR3,0.26022901468353327
KRTAP6-2,-2.066254210796973
TENT5B,-1.3198104341823336
OTX2,-1.8190733649275863
ZC3H15,3.343284137776238
TRMT1,3.5006824580227764
ZC3H18,-1.4074660789752254
MSX2,-3.412136475648456
RBM4B,-1.497033351668733
ZC3H7A,-1.823038148871577
TOE1,0.8501059283831877
NCS1,-1.6794551435772547
PPP1R10,-1.4673021614130706
NUP42,1.577571351007934
C10orf55,-1.3484854129121369
FOXH1,-2.247510209264368
ZRSR2,-1.4974647537695602
CPSF4L,-0.646983375510043
PRR20E,-0.7279435863479261
PLA2G10,0.22046036266994198
ARID5A,-2.378716887918901
C19orf54,-0.6433764539891118
ZC3H3,0.587762439913968
PRR20C,-1.042713164621257
NFYA,-1.7834513654569342
PIAS2,-2.4790268335341574
ZC3H6,-1.206260378723131
RBM26,0.651817699062974
ZGPAT,-0.9992811694247149
PRR20A,-1.2758668128239818
FOSB,-3.224443088147363
POU2F1,-3.969468435576228
IDI2,0.020666213429140906
TRIM14,-2.446257691901208
UBE2DNL,-0.3256277004273767
PRPF6,1.3629240139591121
SUZ12,-1.5918222879893347
TSPAN15,-0.8581004957797009
OSBPL2,-2.4433891055302857
SYNCRIP,1.8076121390351951
XAF1,-1.1739148189972308
DNAJA1,3.428660183669943
PARP11,1.6057162147130948
RNF2,1.5021360470258538
FBXW10,-0.06591944684454304
YTHDF1,0.24876479803428408
KANSL2,0.11351367522322378
NFIL3,-3.416462967394875
TMEM123,-0.49455318667603404
GID8,-0.7485027492351974
CDKN1A,-3.478219694075686
SART3,0.49556924886382986
CLP1,-0.2659023923115192
POLE3,3.3026942820832805
RTF2,2.936803590212517
FBXL21P,0.3032357468520423
FBXL22,0.18904977436679493
NUDCD2,2.6129493362297755
GRPEL1,6.532250886605767
TRIM55,-1.0553052363127406
PLP1,-2.9513665953045556
TRIM52,-2.416075318136729
FBXW2,-0.23507896305765066
HNRNPC,3.160691084184644
ADRM1,1.318601515521293
WBP11,0.14421498973177221
AIMP1,5.272832592046172
WAPL,-0.6021118730244682
COMMD3-BMI1,1.227898501879579
TLK2,-2.8663137904684994
TBCC,-0.4939974089996961
HNRNPF,1.826256115486665
FAM32A,2.1713859161733793
TOMM20,4.832738110742019
LAGE3,1.797445068049934
DTX3,1.1946310612162596
LACRT,-1.2153057357770172
MOB1A,-1.9352692385911077
CPLX1,-1.7592757178957694
RNF166,-0.12570836120600842
TM9SF4,-0.8125614198421497
CSTF1,1.3124372075411137
USO1,0.4322499158648526
HIPK1,-4.082610084129136
SSH1,-3.7213334671350378
REXO2,-1.1140869836655676
KPNA3,-1.2398317849965923
KDELR1,-0.49472818429813625
VPS72,1.0776819042950254
UGCG,-3.132288217263606
TIPRL,0.2519434360961674
RAB7B,-0.5038068977136484
NUP153,-0.13246130053694952
GABRD,-5.118665800100251
AGO3,-1.676739438952216
DYNC1LI2,-1.9336140340883876
TNPO1,0.7177861856132609
PRPF40A,3.037586658473951
PDCD6,0.5421628095753107
IGHA1,0.5141927466065561
MTF2,-1.1655890268584617
ZNRD2,2.257591083278933
USP13,-0.29897931461261035
ATN1,-3.0956177582493596
FOLR3,-1.5889093748090006
ZCCHC10,-0.1680838882297805
AGK,11.637399120021596
UCHL5,3.9269228058506114
ANP32E,1.6324661644465062
SRSF10,1.1667731345591954
ANP32A,1.5505083188039794
VDAC2,6.486206312045748
C8orf33,2.075207417188809
RBM15,-0.7007767920155158
KHDC4,-1.5212280278024344
TAF1B,-0.9650840664586795
MRPL50,4.478184498370946
ZC3H14,0.38473183905483793
DHX9,0.6196594909494438
DIMT1,4.565186764076892
OSGEP,3.4218796581304836
NUP98,-2.1763917101763277
NDUFB3,14.887402351177936
NUP93,2.6893396136094374
TAF1A,1.2643367006536022
HSF2,-0.8397583624496725
IFRD1,-0.7332807341425667
MED12,3.0095259139570114
CEP83,0.7337386452688586
HNRNPDL,1.381919172140078
DDX46,1.1249100366007527
DBF4,0.047592236725079874
PYDC1,0.9803052161882957
SNRNP27,2.1629344815019156
TSN,3.4898019613568
HMGN5,-0.5421815748042064
PDS5A,-0.3032044282591811
GTF3C3,2.679410333151246
KRR1,1.4041597316817793
TNNT1,-2.0640784197532245
CHCHD3,7.94004737593627
CCT8,2.4288455487973475
BMS1,2.5021606753685703
FARSB,3.632216565636554
IPO8,-0.880925839079022
CETN2,-0.9273101473495329
TTK,-0.07873022564833627
HMMR,1.9197163066682448
CCDC59,1.881510713227772
PAXIP1,0.007348528038421038
FAM136A,4.2277427077442065
FAM120A,0.9575063625379392
RPAP3,1.0718075035547359
GART,4.555345623316804
ARL5A,0.4301122952537156
MCCC2,4.069301566898406
NUFIP1,1.8464691939653064
ZC3H8,2.0461704146709407
SNRPB2,1.8643222620389797
DNAJC9,2.327079425043727
TOP1,0.29234234839957285
RRP15,2.4232075710833056
NUP133,1.4082574696033847
KIF23,-0.5125663373667085
PRKDC,-0.9487355742534131
UNG,4.545762057250021
PRKCSH,-1.1489235033281258
MTIF2,5.898331319483149
AKAP11,-0.8758685156323027
DCTN1,-0.616008742270945
DCTN5,-1.1969696310957791
PHAX,0.5253744280394045
SMC2,2.7663049168166403
GRWD1,1.985782524149055
ARF4,-2.096897817761789
SOAT2,2.172983283947933
RBM17,0.7653789863985732
TFB1M,6.79289922962071
CEP44,1.5545178797435715
HACD3,1.859149851215226
RGPD3,-0.7371117091541947
NOL8,0.732813761390031
NOL7,4.887079666109674
MOB4,1.5619994828567818
RIOK2,2.3895110085942917
CEP170,-2.1453935041636063
LTV1,2.633851005746567
GEMIN2,3.7365955461629605
TBCE,5.313116821222227
GEMIN6,4.476886277988265
UBFD1,2.9894384795809916
ATAD2B,-2.3459565381560954
LUC7L2,0.13814780643727725
CDC40,-1.2957643320100236
ZWINT,2.01790957845487
HMGB2,0.26798037615492826
HMGB1,-0.5910178958619128
TPP2,-1.2241932660797892
CPSF6,0.10337688536244659
CTNNAL1,-0.7296694980473981
PRC1,0.3996484231440585
ERH,3.1794073698339522
FRG1,1.2097797965916606
CCNA2,0.8998173178151437
PMPCB,7.211882022842215
DDX10,3.586584647004815
CDK12,-2.090750564943879
SINHCAF,1.09959301019126
NARS2,18.204306887245636
FIP1L1,-1.9437445901196642
HEATR1,3.5451725129949283
KPNB1,0.28034691945465245
R3HDM1,-0.8044107639612228
MRS2,4.860101667544771
FXN,3.487418047669047
SEM1,4.604004327612122
WASF1,-2.1754198156529436
YRDC,3.8351178138598065
FAF1,2.072170164564127
RABGGTB,2.389754010699082
ADNP2,-0.8788734476210496
WDR75,2.331288741767572
WDR74,2.660188776469019
AHCTF1,-0.8605729770299395
RAD18,1.1516465106270486
LRRC40,-0.6236330266336074
NUDT21,3.2397022990495223
TMEM126A,12.877785599009895
LBR,1.4818999695117934
DDX39A,2.8265432122340646
MKLN1,-0.6273759708018866
MKKS,4.925216999645049
NOL11,4.2112374728100495
MRPL35,5.651690661290772
MRPL32,4.413235620704504
MRPL33,4.039750963598324
MRPL30,1.9862585769017325
SLC19A1,0.7526690043732399
MRPL39,6.081139201268499
TBL3,2.8297428254603356
THOC3,-1.0576748542699275
THOC2,-1.5672708879472446
THOC1,-0.9222184180538187
THOC6,-0.3598096209529553
STIL,0.34428236884353547
MRPL40,6.050480658367787
MRPL47,4.140340367300904
TIAL1,-0.6448941415973671
FKBP3,4.80517302748664
HNRNPH1,-0.0564624127509221
ABCE1,5.39608481795831
SYF2,0.019900159859197176
FUBP1,0.1720804387493242
YTHDF2,1.1301377792718292
DDX47,2.644517232459004
ZNF598,-0.4066936650876559
DHX36,-1.099487951730543
DHX37,0.9748415025363991
CCDC124,1.8927086174320358
DDX52,1.6358586476232597
CFAP20,3.191033654665209
DDX50,2.377743552539101
DDX54,1.0038832859880693
MPHOSPH6,2.0778116900565182
SDAD1,1.5015703344808289
SF3A3,2.423429736121731
ZNF277,-0.7512798543285958
COA7,13.447397074549526
TXNRD1,3.7645361545662634
MRE11,-1.4656577903209813
ALYREF,1.332560937451327
CHAC2,3.62335543409188
DLAT,6.905602734622147
PWP2,1.552457969981451
NUDT15,1.7084683298612449
NASP,1.0963229548406759
YARS2,17.103729191306666
DENR,1.9557574004533491
RALA,-0.12881589566231635
MDN1,0.29297609709735495
RFC5,5.024358613993801
RFC4,4.067982272356712
TCERG1,3.4569599975311887
EIF2B1,4.319972532891223
FABP5P1,1.7257395053182336
GMNN,0.5477481991181282
HMGN3,3.0719988813936996
CBX3,2.009563398553979
MPLKIP,3.1718763770351313
INTS13,2.9527007448711613
INTS12,1.5996614069535227
FASTKD2,16.517363866578
FASTKD3,4.3450623087698785
SHLD2,1.682545734190928
RRP1B,1.0597697842070564
UTP11,2.9528471074499296
UTP15,1.743620015056762
TTC27,2.990175334344931
HNRNPM,-0.16302544318138487
HNRNPA3,1.144588535896755
HNRNPA0,-0.8719933832441218
MRPS18B,5.992297730868447
FIGNL1,1.0301775059285871
DEK,1.0371621672643214
CCZ1,-3.1030569252179276
API5,0.7582026895534316
UTP18,3.1715736859607
RSRC1,-0.21001812297167927
MTREX,3.0394468760564917
HNRNPH2,-1.0029174645750318
AATF,0.07727202976471216
PHF14,-1.7855360583316202
KTN1,-0.3154223690478821
LYSMD2,-0.5535449728815254
MSH2,4.199825899070691
MRPS15,6.721021883955626
NUP37,4.86671356847583
CEBPG,0.8782306532360755
NOP58,1.9901475757960205
TIPIN,1.1699405526304913
NCL,1.4651236580825493
KRI1,0.8786161212853894
SUPT16H,0.21147317980122604
PDSS1,5.85615087190752
SEH1L,1.9168756977024792
DDX20,1.5909137624871736
SLC16A1,2.5009771215726992
MEAF6,0.6790418505656625
TWISTNB,0.519349844755832
IMMT,7.601029071265714
PHKG2,0.28312565108640286
TIMM23B,3.034429660682511
PMAIP1,-2.843285755830161
CRLF3,-1.3131330248101394
ZFR,-0.8543066141058776
CDKN2AIP,0.042888381692590016
ERGIC2,1.0569837020348916
POLR3F,1.5559436494267254
NGDN,2.495067873727133
CWC27,1.8570965139419262
RPIA,2.15218750047142
CWC22,-0.4819435467770557
KIF2C,0.7515499895959284
SUGT1,1.924352314322778
MAP3K2,-4.253383832427532
TFB2M,5.751204114592092
CPSF3,4.292500310282415
BCLAF1,-0.6644714265891226
MFSD14A,-1.200012193612332
PRPSAP1,3.305026281879551
PRMT3,4.237820748102006
HMGCR,1.2727676715642906
MTPAP,18.08485743176247
BRD1,-3.1725466862464167
KIF5B,-2.119774280469835
ARCN1,-1.0852585848314047
ZNF131,-1.9999404003629873
UTRN,-4.52024803446734
LYAR,2.242748851019603
NUCKS1,1.3211366282587766
MRPL21,4.267246011510658
PNRC2,-1.212618919745913
METTL5,4.674466779648317
ICE1,-0.6499182212633938
NOP16,5.228986942068928
XRCC2,0.6961962504234441
XRCC5,3.4603801262822897
SRSF4,0.10401590227372995
SRSF7,0.7009265634135955
SDHAF3,6.7264154319380305
SRSF1,0.6853695822901772
SRSF3,1.317244218899314
SRSF2,1.832493874943361
USP45,0.46859433078947393
RIDA,3.7800489512171396
RBM34,1.496630534512788
NXT1,0.8990231205521646
SURF6,0.41238283627941213
FAM98A,2.6787524489829297
CISD1,5.715882052170415
TRMT11,1.8289811168274828
DNTTIP2,2.1420497878317803
MRPL1,6.259460452009301
PTPN2,-3.5291911084739707
PWP1,3.549896784141149
LARP4,2.2105897452012995
GINS3,-0.34850222331671693
NAA15,1.7474420867030098
TSFM,14.700633720781909
RPP38,1.902838176367831
MIS18A,-0.5366405043544704
LARP7,0.7089074586099681
VDAC1P5,5.347656978682893
GCFC2,1.1210259383458496
PSMA2,5.12470568520349
PSMA6,3.9514432627219844
PSMA4,4.219004364159895
DUS3L,0.4794814401121616
ZC3HAV1L,0.1536262671555458
MSH6,2.780639678355165
NUP50,-1.665413733795194
SPNS1,-3.333611335519867
PPIG,-0.1577654027328245
SET,3.177404981976328
TMPO,0.5500197488086559
AIMP2,7.188845314295129
CYCS,8.749020301419845
TRA2B,1.6192581423239842
ANKRD17,-0.7829590786661247
ABCF1,1.323879179629335
TIMM17A,4.751903185374599
ZCCHC8,-1.5428708022848094
TMF1,-2.2805061716664516
PCNA,3.494242555437853
ZNHIT6,2.421941682028197
MTR,2.36973006883829
SPATA5L1,2.6644384460267396
MCM6,3.2089179719245884
KCNN4,1.8437815903380776
GCLM,1.0507067276407742
NIF3L1,3.6040709823023773
PPP6R1,-1.987909025607994
KIAA1143,1.5991722351122832
DUSP12,-1.9336302800383904
CEP19,0.9750613309295233
PPP1CC,1.1980921222449865
PDCD5,6.254994247893174
NAA50,1.7053853087932738
RPA3,3.8984148474372695
NUP160,0.3985770303382129
PPIP5K1,-0.49961365311400885
ILF3,1.3090943349844075
LRPPRC,7.518685943587055
NTRK1,1.615185175265615
PTP4A1,0.1681664548017404
THOC5,-1.1373609520497394
PTBP2,-2.7716129372014917
NDUFB6,6.856691776626859
PRRC2C,-0.23987998353645426
ISG15,-1.124616658518666
CEBPZ,2.2799034854333766
PMS1,1.5923462165465676
H2AFV,0.9548568347607219
PPIP5K2,-1.064371661366193
DDX5,1.0944464606010258
CTR9,-0.7878634065507565
DDX1,5.286186352275748
KATNA1,0.5557499989998917
NDC80,1.3480972131837523
ELP1,0.8075995123147113
ESF1,0.8675369930601415
FEN1,4.755440434873636
ST13,0.07867254031377478
MAPKAPK5,1.2043437899575857
ZC3H7B,-1.6188102132042337
KBTBD2,-3.4340437846163496
HAUS3,0.198377748541064
HDDC2,4.479005311209675
TXLNG,0.06485284996308811
PDHB,5.956301657475537
UBXN7,-2.571814058857763
MRPL16,5.080844913185823
MRPL19,4.394718401418361
CCNC,0.03372503234310149
SART1,0.015237837662034017
MRPL48,4.661373801843023
ATP5MD,5.434502025456927
IPO5,2.5374341797183018
GLOD4,4.367012389677288
NUP155,1.134005060945636
ASCC3,0.5864044705281302
HPRT1,4.027562694566821
SFPQ,-1.2642372126102603
HNRNPH3,-0.5602144991641773
CWF19L1,2.061315772021042
HNRNPU,0.5926949328713753
ZNF622,0.9980963059597809
HNRNPK,-0.6448128231145848
GPN3,5.088908226340344
COPS3,3.593875551194471
DESI2,-0.12621905349660173
HNRNPD,-0.04454859020138091
MRM2,5.3410907494318804
PFDN4,1.554997281249764
KHDRBS1,-0.02011189536945517
CCNB1,2.77172233715647
ARL6IP1,1.114878695002941
CC2D2A,-1.3241477392176677
MNAT1,2.2035080519923453
HNRNPUL1,-1.0377513337107456
VPS35,2.2193718535310105
NAE1,5.001241615587018
CSE1L,3.490268288361886
QSER1,-0.9967816941227283
MAK16,2.7726256209187428
UTP6,2.889399828709178
C1orf109,2.470003127962909
DCAF13,1.2212824071105273
DHX30,1.9812751611226602
RIPK2,-1.7017964214648562
RRM1,3.661111879109936
EXOSC3,4.213612098584648
RNGTT,1.7859458530903856
PRPS1,5.415363852687831
TSR1,4.0151135827576265
PRPF18,-0.9581159621019277
UBQLN1,-0.8483831536625893
LSM12,2.3083251509407408
ZZZ3,-0.9851852361012886
TRMT10A,1.6541153965772528
ENOPH1,2.6133942928788554
TFAM,5.767132536455299
CLASP2,-2.1441813104223573
ORC3,4.391835070687446
ESD,3.0768063640592915
SSBP1,6.644048633203915
MPHOSPH10,1.4924814853320252
PLAA,0.8968760121140584
HSPA13,0.26680540288684673
HSPA14,5.302055220650402
SNRPC,3.5862138689719023
G3BP1,1.8249931018871401
EMG1,4.6994702565867135
SLIRP,6.195678477914612
SLC4A1AP,1.2671721676690881
TUT4,-2.823588090129967
AGL,2.2115905396691025
ZCCHC17,1.0643485747078645
ZC3H13,-0.5585220975806422
GCC2,-1.9660651641779925
CAMKV,-3.91847024646248
GTF2F1,-1.6252058018238287
TTI1,2.399432173409817
DDX42,-0.7115497434616743
CEP76,-0.7537121566222783
STARD7,3.52970646972432
ELAVL2,-0.3178440324189606
FOXJ2,-2.896786590877687
SENP6,-1.6708270033515966
SENP3,1.258687207286738
BICRAL,-2.7938268129456376
SNIP1,-1.6377847553450489
PPP1R8,0.6928707506574286
KIAA0586,-1.0948467741316772
TAF11,0.3240279092087023
NDUFAF1,6.586563353683572
NCOA5,0.10248137173331456
PLRG1,-0.010659006919142542
C17orf80,0.8633493201986928
TAF5,-1.0553669010633973
CPOX,5.773216436628505
RGPD8,-0.7430631643892457
CPSF4,-0.7016056146338996
CPSF2,2.3881815190000117
CLK2,-1.582640822416802
EXOC7,-2.0456233429164015
OGT,-0.5456665317079394
PPFIA1,-3.3771613542194805
NUP35,3.888057370509823
ALKBH1,-0.40250891134988953
PRPF3,0.8251274128835205
DYNLT1,0.2529994137719659
MTMR4,-1.1510806992362772
TPR,-1.580248614512517
CSTF2T,-1.2743558902095247
ALG6,-0.05915671987371073
NUP85,2.517988523133914
LRRC42,1.4746357406937642
GLE1,0.630484066162628
NEK4,-0.4428885653656904
MRTFB,-1.3749028561177494
NKAPD1,-0.9730664361903313
IBTK,-1.3088018497081744
DROSHA,1.6265881938651514
ZNF22,0.011039834164085265
ARGLU1,-1.6353341939352317
CCDC8,0.05944661808684903
COX11,6.683074877042896
VPS54,0.15074049783260757
EIF2B4,3.0561395218007372
CBX1,1.1925063382525447
RNF113A,1.8524595725988293
TIMMDC1,9.113645636169036
IFI16,-3.5748959232482806
NUP107,1.9701507794850759
DDX19A,2.0788366347222946
RAD50,0.8296899742772258
PATJ,-0.20979855379922188
DNAJC16,1.6201898607155345
NEMP1,-0.2924642618853115
ZFX,-2.204133322252279
EML5,-0.37076978711065606
PRMT9,0.029910234015890526
COIL,-0.1396797810757532
SETD3,-0.5794761297491591
RNF219,0.19318616784197534
SARNP,1.4691520014938437
TASOR,-1.927119876808416
SRSF5,-1.0382694193389397
SRSF6,0.12193013820420244
SRSF8,-0.7610166448186438
RBM33,-1.099885693049632
SMARCAD1,0.6439790727422111
PARP2,1.3760770334575843
ATG14,-1.5475398622823078
CCP110,-2.2389535266136784
SHQ1,3.3356180485770777
NVL,0.5242530807537457
YY1,-0.09718598324642905
BAG5,-2.209733701251837
TSEN2,2.671744161665655
OBSL1,-2.509065199735907
RALGAPA1,-2.019328751245165
AGPAT5,2.0508554752151897
ASAP2,-2.542548566259216
DCLRE1A,0.6276122390712541
THUMPD3,2.257439109874057
KRT20,-2.61766736138219
PGF,3.21612936901928
SNRNP40,1.8552029026592576
SRRM1,-0.7806355501912008
SRRM2,-2.351781354979689
PARN,1.2174563195814192
WRAP73,-0.21473767389031614
LRRC37B,-1.7960628928533093
DDIT3,-2.0491051828003757
KRT27,3.0855879152310837
SNAPC1,-1.310660276923044
UBR7,1.0724166341863108
TDP1,0.5295247045820677
RASSF8,-1.6165359058747573
UBAP2,-0.7685902823988717
SIRT7,-0.7931991564566624
RAB3GAP1,-1.8739476361054683
IFT74,0.09397090308691504
KIAA1107,-1.3827461516621613
TAF4,-2.0115525126478087
TLK1,-2.616144108926517
PCID2,2.076731185398379
RBM25,-1.4724396680300815
NUP205,1.7527209229280478
BTBD7,-1.3106941107854633
PAXBP1,-0.2362747255994584
POLDIP3,0.1430682163043681
GGCT,5.068895414866526
HIST1H1C,0.2713067290637885
SMARCE1,-1.462985164935814
YAE1,2.7829803419804366
AQR,0.2990880373998533
ZNF410,-1.759877611314919
TMEM168,0.5439536638468178
SPATA7,-1.3373724496922181
CD38,-2.8383939169219286
ELANE,-0.09841646695048996
NTAN1,1.5438152639656006
CD33,-4.175123391691504
MLLT1,-2.7730314854546627
B2M,-1.5740840360054227
SELPLG,-4.59001360170315
SLC39A11,-1.2437866886300395
IL12RB1,-3.5928357848407004
PRB4,-4.746520405221195
GRK2,-4.420674973112466
TNFRSF8,-4.323274635762914
PRTN3,-3.245436315020477
TNFRSF9,-3.8749922646275037
CD28,-4.819132091933376
CXCR5,-4.87226857448168
CLCN1,-4.412262561000771
CD27,-0.11982530304822894
LY9,-3.6690363395865355
MUC4,-3.2717827305914846
FASLG,-6.445539700962497
GYPC,-2.82231578115115
GATA2,-4.982050635944087
GATA1,-4.477698736688879
CD6,-4.827030685431544
TLR3,-3.5023546359385263
CD79B,-0.015390249820922346
TLR9,-3.507385645690016
CD3E,-4.699944200172222
CD1C,-4.552943397987116
ITGA4,-2.1622077576820407
SAAL1,3.007715860668202
DNM1,-3.168718519052019
DAXX,-1.3656988246702138
TNNT3,-4.16730486586971
TCTN2,-0.9308680121161461
MEFV,-3.07103101057363
CARD9,-2.383656408315214
MADCAM1,-7.114218170545759
TNFRSF4,-3.3973646143880876
NPFFR1,-3.7874693951270713
SPI1,-4.922005081784863
ITGAX,-5.823885721904561
CR1,-5.8272107799922095
IRF5,-3.7327348229322266
VAV1,-5.717315625162144
CD276,-2.276916358516007
ITGAL,-5.424149522976883
ITGAM,-6.145880213997253
CD80,-6.991340678940395
PTGDR2,-4.516954025933076
KRT76,-5.856519943233448
NCF4,-4.285323416059077
GABRR2,-6.36088980698607
EIF2B2,1.5643417436875926
EIF2B3,5.120996067051139
LAG3,-3.2293855162149034
CD4,-3.375644549428358
CD5,-4.714368970165773
CCR2,-5.669267056273059
CD7,-3.9108738864133294
ZNF835,-4.591710581599313
CD2,-5.498544121987434
PSTPIP1,-3.537298052993877
ARHGEF1,-2.667805739641764
IKZF1,-3.3851612980885433
NCAM1,-4.029151754881303
PCDHA6,-7.286124731455611
INS-IGF2,-1.5606864217177339
ITGA2B,-5.105250907479776
CD82,-2.8648768279421386
ICAM3,-0.24655286689117437
ICAM2,-4.433516513866375
FLT3LG,-3.727997148371958
PLA2G2D,-3.68731219994815
WAS,-3.8636149865394436
TNFRSF13C,-0.6575308228968249
NEUROD2,-7.970645864672673
IL2RG,-3.660342284942915
IRF4,-4.8948482142341865
SLC17A1,-6.062628235266658
IL3,-5.917163194221365
IGLL1,-3.0359230227714784
CD52,-4.16237818700383
CD53,-4.71459972215575
PLEK,-4.781454449154615
TARBP2,1.5869841034797036
CHIT1,-3.479377147579553
OPHN1,-3.1711306993379313
GATA3,-3.37043918035654
CXCR3,-4.855832022621087
KLF1,-4.943644129923583
CD22,-4.611481522645967
MYBPC3,-4.272548463118092
APOL5,-4.699558666368932
DPP4,-3.092691601200017
NCR3,-4.138213409774566
ACAP1,-3.585716741901788
EBF1,-3.135832180128601
SCD5,-2.3138652213699777
TCL1A,-3.53774105368031
SELE,-4.679803057681752
EZR,-1.7984419647666765
FUT6,-3.986303167735321
SIGLEC8,-2.913457063274719
CD19,-4.841028249741976
SIGLEC1,-4.258977845450531
ICK,-2.8129255603158163
HIPK3,-4.101153772658202
BTAF1,-1.8229253454041499
LMBRD2,-0.74278982957118
XPC,-0.1409032573271055
XPA,-0.011939844378867618
MON2,-1.7403750504453288
TNKS2,-1.7319599169044595
ARHGAP15,-3.376015187849599
CTBP1,-0.4068390150905204
PDS5B,-0.7475125202690842
DENND4A,-1.9501709469403476
EDARADD,-1.980609970642046
SENP7,-1.7570489221949344
NUFIP2,-1.096918063057116
CFAP298,-0.6637151598738132
TTC33,-0.1952748686518556
WDR37,-2.3692720132563063
GIGYF2,-0.00030497442488251617
SMAD6,-3.0665807330711137
SMAD7,-4.301788436973997
SMAD3,-3.8849816071861873
NEDD9,-3.4055810535317073
NCOA6,-3.2743753640903472
GDAP2,-1.8190440189656152
DDB2,-0.8076107985550491
BRWD3,0.3373242697770502
SUPT7L,0.12457741958630084
RNF20,-1.5786798967105422
TAF2,-0.9509292812554438
ELMO2,-2.0708951149694563
SRBD1,0.19400153382494556
KIAA2026,-2.264188024094515
BBS10,0.00653798439831039
CNOT6,-2.274732854976104
FAM189B,-1.167991759642742
EXOC4,-2.0200872119303823
LCE4A,-1.5881229467059128
PPP2R3C,0.3553727099969759
ESRP2,-1.8763549965698758
ESRP1,0.6978042324233176
MTMR9,-3.156390093351068
DYRK1A,-3.3331064939749964
HMG20A,-0.7498354845151263
RFX7,-2.0312900403241834
MSL2,-3.1221718944013936
KMT2A,-4.205925672927124
CSRNP2,-1.9323782900283448
GNAI3,-4.5139015271351814
TOPBP1,-0.8079238015267354
GALNT15,0.9102317234838964
CLK1,-3.2693166143509917
ZNF507,-4.836642563247132
TNKS,-2.2725176754594134
ANKRD13C,-1.9669946950280777
RELCH,-0.23488855494914337
CCL15,0.025063520592174423
GPBP1,-2.061174063496318
FANCF,-0.32607055009451874
DIDO1,-3.271652360644389
GPCPD1,-1.5963467385553154
LYSMD3,-1.339649876122363
TGFBR1,-2.9382523054798537
KRTAP5-3,-4.224241807422943
PML,-2.792382025759586
TAOK1,-2.9561686685033357
NSMCE2,1.8353207554284563
SUGP1,0.8611597524230018
EXOC8,-1.4134056544544458
RABGAP1,-2.747317934508622
LIMS1,-3.2523407136522837
GTF2A1,-0.055214714825422465
AXIN2,-1.554437208374078
AXIN1,-2.488685874556013
KDM4A,-0.42031897147583563
GIN1,3.399158631863767
ZBTB1,-1.9366517079309362
INTS6,-1.877834631665229
RUFY1,-1.31911108985977
NR4A1,-3.7108080541821273
CHD1L,-0.5322402727008417
CUL4B,-1.8813876451589546
ZNF654,-3.005286484027874
SLF2,-0.7121179893963984
SLF1,-0.3016277300992649
KMT5B,-3.914571396720436
PPP4R2,-1.0722841943987607
TBC1D23,-1.861248965448919
DCK,1.5775641081826304
POC1B,-1.3316199129532993
CCDC93,-1.2578527807698248
RPGR,-1.607082890237024
NR2C2,-2.9424740752593768
GPATCH8,-2.7217237161633063
HECA,-3.6928464153453313
SETD7,-1.864618913280944
GPATCH1,-0.7229326432661862
NIN,-0.019138202474026755
RNF185,0.2736543083621189
UBE4B,0.7872079632455843
HHAT,-0.8204536344839252
EMSY,-1.446234900205123
MAML1,-2.779502197798806
CARD8,-2.9828602568690856
TPX2,1.3070269070813862
PARP1,2.911449078534145
PHF20L1,-3.4585457389512952
FAN1,-0.29462134824123376
GNAQ,-4.1267000871307715
IFNAR1,-3.2618222221446116
ARHGEF3,-1.787859424440043
VPS41,0.2865416102743802
SS18L1,-2.9216724795460736
ZNF106,0.043273244883075136
THRAP3,-0.26877767760541177
WAC,-2.5060698310716485
ATRX,-2.105313324339198
EIF2AK3,-3.163969713691123
BOD1L1,-1.7068683732454943
STX16,-3.032791319658451
ASAP1,-2.077207065240192
DIP2B,-0.7603783268945621
USP9X,-2.7665155178390144
RING1,-1.2105408973304725
CGGBP1,-1.0992210565078895
UBN2,-2.012857381051032
PRDM2,-3.352163812809156
PPP6R3,-2.491576251041941
GOSR1,-2.4159586521707306
SHTN1,-1.4396883899972917
TFCP2,0.7759878309590573
LNPEP,-2.730478689050015
TTC9C,0.14272741707599354
CDYL,-0.6206463336253344
ANKMY2,0.1282123056560254
UBR3,-0.1635878339284064
PCGF3,-1.7651633163670102
ZNF280D,-1.4665751871022306
KATNBL1,-1.5450378481430758
RASSF3,-1.183279717329934
INO80,-2.0917639341426937
ASXL2,-2.323850215596428
ABHD13,-0.9163443706386395
NPC1,-2.205905653810812
RAB3GAP2,-0.49565537099841495
RNF44,-2.358336379238129
DCUN1D5,1.703661287878997
TRIM44,-1.1492723402338723
ITPR1,-1.335144437212831
TRIM40,-0.9669978664463059
PEX1,0.9082280702479449
LRIG2,-2.583210460408246
PRDM10,-1.4345059642022115
RBM23,1.3739852560250412
FAM120B,-1.5584316159127054
GON4L,-1.4842168780275538
NCOR2,-4.773199971850695
TBC1D5,-2.114477044943607
LCOR,-2.801178358283313
DDB1,1.9643374763033623
VPS39,-2.14396005615123
PIAS1,-3.8555638018275125
RCOR1,-1.9307664385905674
HIVEP2,-3.8156952952939753
MIS12,-0.035027655047798034
BTN2A1,-2.2482086804533585
AVL9,-0.37211781844375197
CMPK1,1.7008757831776533
TRAF5,-2.624812702161087
CLASP1,-3.558694089491244
GTF2H2,-0.29192336840786226
GTF2H5,3.590770180322865
FOXN2,-2.7922359278303364
ACTN3,-2.325282348281248
TTC21B,0.18773436794130016
VPS50,0.46780742545247034
DTWD1,0.6786974828220599
NACA4P,-0.021146468927649355
USP17L9P,-1.237322789515258
TXLNA,-1.3823926649414366
CTNNBIP1,1.5184973558794184
PKMYT1,-2.5015147619234375
JPH4,-0.9019418084152478
VIRMA,-0.7741839535344431
RBM15B,-1.2938630559666864
PCGF1,0.17258555286180813
PTGER3,-6.712715546573055
PPHLN1,-1.0983157673933213
TCOF1,0.287970760720854
YTHDC1,-2.393027326859985
ACIN1,-1.6916638412102472
SAFB,-0.7953946238278341
ERMAP,-0.8265448888582356
BRD4,-2.7754427078597605
OSBPL10,-1.3151089679596855
SETD1A,-2.268139789506092
TRA2A,-1.0615240994282353
NKAP,-0.9527585089967081
LGR4,-1.954948482969246
SRSF12,-1.1470139125371723
NCSTN,-1.4189620144561168
GTF3C5,1.2974159089403647
VANGL1,-1.494070314343971
DHX35,-0.4931323915401431
DDX51,-0.2095076674995539
U2AF2,0.7686429239163792
ZSWIM9,-1.1203619912373406
TRPM8,-2.2987227583648506
SF3A1,-0.5981225392591294
SF3A2,-1.9921137508504632
TSPYL2,-0.9981072707664651
CARNMT1,1.0405843229640805
CCDC137,0.8094498759161243
PSIP1,0.800264175060699
SRRT,-0.49817189388455435
SAFB2,-2.4639796433287526
BUD31,1.6289365957625028
CLK3,-2.3766774339629415
SPOUT1,0.9043863613495374
RBM14,1.0292680825575966
EPB41L3,-2.4205260404544986
FERMT3,-2.2573168559868098
NUMA1,-1.3714426051960238
MEPCE,-0.8690108316929781
APOBEC3F,-0.20571897709524245
SMU1,1.061808519049102
LEO1,1.945876706446194
XAB2,-0.9907003302337701
HP1BP3,-1.6678283468735953
SPG7,0.2365907039758703
SF3B6,0.770866286274609
RBMXL1,-0.7664455596246109
WDR83,-1.2784763552914697
ZNF816,-1.7736212372872524
UBN1,-2.357930675310239
ANKRD11,-2.333573933140106
FBRS,-1.5862962592189631
BRPF1,-1.0011347656768155
NFKBIL1,0.9446381902013448
ZCCHC3,-0.6287423904977757
VASN,-1.8842330595959884
MCM7,1.7264019732932048
MCM4,1.0895355799027666
PRPF38B,-1.5308720808539138
DCAF7,-0.962171670252678
WDR70,0.8437779204026628
HTR3B,-4.535541973303117
PCSK2,-3.9537349089440434
JPH3,-2.9925560616357147
TAT,-1.2535360625763659
ITPKA,-2.559299087097175
MPP2,-0.685115109175458
LLGL1,-2.6935093440382647
OR12D2,-5.6549963222360144
SLC28A2,-2.487024236963538
CYP46A1,-2.2805581671120265
PIK3CD,-5.696283101422144
SV2B,-2.4612902382941586
TSPO2,-6.277982829833074
DOC2A,-3.1561697906118016
PIK3R1,-4.379185927482003
CAMK2D,-2.103920917195225
KCNF1,-1.6868050099559972
COX6A2,1.2241612153105847
MYL12A,-0.6783220648528431
HCN2,-2.9182073745474137
NPY,-7.545014496448698
CYP26A1,-2.5909490377906486
KLC2,-0.7086796602524242
LRP8,-0.5527971799351299
RASGRP3,-2.572174231637091
RASGRP4,-2.1316515516728933
NOVA2,-4.559159139610726
CELF3,-4.87349354471155
C22orf24,-4.673533407742704
GABBR1,-4.916077411895851
GABBR2,-5.565582967568465
MYBPH,-2.8925728878431918
GAP43,-4.6821557837473655
KCNMA1,-2.845339874245344
GRM8,-6.557749971643985
TTN,-2.2304535253967575
DIO3,-2.3125419513264194
GRM5,-6.958466474065543
GRM7,-7.106253027413521
KCNIP2,-4.710737544077548
GRM3,-6.83633958337569
IL5RA,-5.643721567961602
GUCY2D,-4.58442287613134
GUCY2F,-4.294453591292431
HTR3A,-4.797609727295072
KCNQ3,-5.634155779894057
ZNRF4,-3.9112535026198625
S100G,-5.578946577417531
SLC18A3,-3.66209460920151
EFCAB1,-3.032422292035416
FOXC2,-3.599815960770358
MYH7B,-1.687417334446449
PDYN,-4.9084683061279195
FGF8,-5.284601115474969
APPL1,0.6960216562079762
PTGER1,-5.6627480242462696
SPTA1,-3.097323457626761
SLC4A3,-6.711849136654797
ITPR3,-3.3706269839592755
GPRC5D,-4.735864920220764
UTF1,-3.807248731709149
FGF3,-4.667767939262125
BSN,-4.702684917094173
RSPH14,-3.297804618656932
MOBP,-3.4398977376081272
RIMS1,-3.8993243357583003
CALB2,-4.265624535479503
LTA,-6.327320397870625
FGF23,-5.100220685049191
PRKAR1B,-1.7649300949618791
PRDM12,-3.309923484061524
FAIM2,-3.6392227035524156
GPR156,-1.6722519603200097
PDLIM5,-1.7295368596597889
SLC17A7,-5.136137735614634
EMX1,-4.336244149315231
ATP1A3,-2.0317729402267592
KCNC4,-2.643370783606756
CTTN,-2.2495650174636985
KCNC2,-2.9235404208208964
BEGAIN,-1.5726212678250064
SHBG,-4.6378830994212406
PPFIA2,-3.937996315700415
MYOD1,-3.4513414059292558
DYNC1I1,-3.1874750001663243
GNAI2,-5.03025050380251
CLIP3,-2.6578179654591065
GRIN3B,-2.2988049800102655
SLIT1,-4.833741033367257
YES1,-3.8800037445873388
HOMER1,-1.419494834278202
NOS1AP,-6.376428279502217
NUMBL,-2.241140463918541
KISS1R,-3.4155490992940236
SLC24A2,-4.782380827259496
GKN1,-2.1245737609655375
CRYBB3,-0.9118728042363567
PHOX2A,-2.6535543051831603
PLA2G4A,-2.758807332476514
EFNB2,-3.3523869256445615
PPFIA3,-2.494147879597694
SOX21,-4.998881980832836
EXOC3,-0.16804096055907491
GLRA2,-3.0914141910219466
GLRA1,-5.537401294012999
CA4,1.0567665679569362
NEFL,-2.522033418057801
SLC1A7,-4.656026088895158
SLC1A1,-1.872685274747962
SLC1A2,-4.88778650714149
SLC1A3,-1.9559777502309181
TRIM10,-4.293532352444697
EFNB3,-3.6958844058957028
PTK2B,-5.339752817422189
TNNI3,-2.08980314443049
TNNC2,-2.8388725764923337
CLSTN3,-2.030991445857341
B3GNT4,-4.166612341002122
GRIN3A,-2.1400102174234372
ADAMTS7,-3.281989314457115
RNF208,-2.0474186173095767
CDH2,-3.599523261582212
EPHA5,-5.006422465735467
SNAP25,-3.1405793040145737
LPO,-1.4000057781768331
SIPA1L1,-1.577608183536593
RPH3A,-3.8288476726778087
PDE8B,-3.214048379004438
RAB27A,-1.2498675416680167
SYT1,-2.9038892244055665
NRXN3,-3.1859668937024765
SYT5,-4.062279512930495
NRXN1,-4.98018146837707
RHBDL1,-4.272195811513405
KIF17,-2.633283600897338
GNG3,-6.713292009750266
NETO1,-1.7887481570730854
TRPM2,-5.584555967183128
HMHB1,-4.761564603164115
FUS,0.7656428835085629
TBR1,-5.288182023311506
HCN4,-4.824867421199198
ADAMTSL2,-6.3095198552006995
MMP17,-2.7319090075486727
TULP1,-3.8509035979938684
CLDN9,-1.0043163102185968
NKX2-8,-3.7414894228493587
REST,-3.448514866996369
SLC8A2,-4.577268168475927
DMTN,-2.8254499783120095
WNT1,-7.236166068807922
MAPK8IP1,-3.436643780586355
NEFM,-1.126325169790662
SST,-6.511623944572791
MYBPC2,-2.761405509564243
MYBPC1,-3.078980612156664
KRT75,-3.3554534239641205
MYO3A,-4.268524105836841
EFNB1,-3.382710551741303
NODAL,-5.511657945671196
STXBP1,-2.0624776896885058
TRPC5,-2.674140768024796
GABRA5,-4.0087653091528335
GABRA1,-5.613254090397724
MYH7,-2.286826823742713
MYH8,-3.193551884273963
ADORA1,-7.169108521751075
GRIA3,-4.097615980243601
FOXB1,0.6139083118418455
FGD4,-1.919501736604836
NLGN3,-2.8409319666792294
FRS3,-3.3781006369284805
DUSP4,-3.8217372953544504
TAOK2,-2.6076188888162894
NDOR1,-1.6194504027726404
ARNT,-2.887342316141187
IRS4,-4.264476601864718
GRIK1,-5.271040244099963
GRIK5,-3.6875065611942386
GRIK3,-6.262539776512049
GRIK4,-2.7751034380422572
IRS1,-4.433015348700452
CADM3,-4.940230334084277
CRHR1,-4.704320521329093
SLC4A10,-2.234741431587532
SLC5A2,-4.285119529148713
SORBS3,-2.0439713216904485
SOX1,-4.446588362390582
DIPK2B,-6.35714908128284
ALX3,-4.183823707688395
ARHGDIG,-3.0878250416615898
SCN2A,-4.641624078258245
TNNI1,-3.3324242208369146
OGFR,-2.459554230198674
ST3GAL2,-2.178128552897052
DAB2IP,-2.044503883507334
SYNGAP1,-1.3824970046715959
SLC1A6,-4.9475605280047565
TBKBP1,-1.7810024124742831
ALPG,-6.109355699375211
MAGEA10,-4.164033072799135
ASGR2,-0.6851368283788984
CACNG8,-2.1240399962342478
SLC6A4,-0.8689268509706508
CACNG2,0.19761592272728318
CACNG3,-2.613334387002724
CACNG4,0.37867751748288797
CACNG5,-3.8678812151720723
CACNG7,-2.2258723607960875
SLC6A3,-3.5052164087288076
SLC6A2,-6.265695007673115
SLC6A1,-0.6420711676389309
HSF4,-4.143889585712604
KRT31,-2.704045197547437
GPR153,-2.4256365128447364
MYL5,-2.375294424857728
B3GAT1,-2.38763457357448
CACNA1I,-4.158451414232676
CACNA1E,-6.193036359434853
CACNA1F,-4.262068854607715
DLGAP2,-4.936231292486511
DLGAP1,-3.461066267647632
MAGI2,-2.945747821858874
DLGAP4,-1.2937002215959275
TRPV5,2.097799650587243
CACNA1S,-4.68445181587654
TRPV1,-3.162551583479098
PRMT8,-1.301573421970623
ZFPM1,-2.1383422579012104
SHC3,-1.0842661699417957
TJP1,-1.994734639308476
OPCML,-3.910797459543129
ADCY8,-4.6877898430533795
GRM1,-6.769443594629837
PRSS22,-4.338521985623987
KCNV1,-2.4367011655352124
GRIA2,-2.428681457886934
GRIA1,-4.159796057117036
GRIA4,-3.4817516039473957
PLCB4,-2.0022417467568787
CRH,-5.155872876981619
SHC2,-3.5030915704226437
SLC9A2,-3.8099074482737523
TIAM1,-2.9811796814189306
GGT5,0.4986523173165423
GNRH2,-6.401404547022964
TRPM1,-3.396172096204371
TRPM3,-1.0074696621668093
EPHB2,-2.650829095845833
PLCB1,-4.056402391806979
EPHB1,-3.897234202172819
IGSF9B,-5.690274335368929
DDN,-4.468765140247683
PTPN5,-1.6676363751313943
RBFOX1,-4.02058453355988
PEX5L,-2.2191986085133633
FGF6,-2.341540318442222
PSD,-3.321313167958295
NPTXR,-2.63182570236887
HAPLN2,-2.2826556990454008
SYN3,-3.1968641934982704
FGF20,-4.490041210259129
DPF1,-4.462563680828186
MYO1G,-2.509727613364693
MYO1D,-2.1807879069731246
MYO1B,-3.3758376605469427
CEND1,-3.011224224023559
SIX3,-4.279584878961157
CRYGD,-1.7725943441917542
SH3GL3,-4.645017140706829
KCNA1,-4.8386189500410435
CAPN5,-2.6413734031911673
ICAM5,-2.3157757328496196
SLC6A13,-5.004306311345318
SLC6A12,-4.902396672602771
SLC6A11,-4.4766834309629235
DSG1,-2.7649949138144527
MTSS2,-2.554142365875935
EFNA5,-2.7613500226836267
EFNA3,-2.2919166832335818
GABRB1,-3.0348969194813216
GABRB2,-4.764096077406133
GABRB3,-2.878236279243455
OSBP2,-3.156131631172875
KCNJ3,-4.124366564683545
LRP3,-0.29639899350601306
NEUROD6,-4.158952111858614
KCNJ6,-4.194113346167255
KCNJ5,-5.909309258767593
KCNJ4,-5.361512962103185
KCNJ9,-5.322319259415922
DSCR4,-3.4821983151125857
HS3ST2,-4.0752569931824825
SSTR4,-5.621824812699784
GPRIN2,-1.8138917543115929
MYLPF,-3.4418398161421004
PAEP,-3.805706992470084
SPTBN5,-5.167567662955345
SPTBN4,1.1266255902009463
SPTBN2,-3.319041527654556
SPTBN1,-4.007450028335987
TFAP2A,-2.991850081290275
MT3,-3.8521936479005388
TFAP2D,-1.6581363675211565
DMWD,-3.5356470817959735
PPY,-2.488061826427847
NRG2,-4.167838604990598
POU3F3,-2.932975821195188
POU3F2,-4.142049795785142
TP53BP1,-1.4998816440787537
MPPED1,-4.473760879747089
DRD4,-5.924038949337647
DRD5,-3.411580007513279
DRD3,-6.333225050425916
DRD1,-5.912921540673551
TPPP,-2.8730606756292727
NOL3,-1.3209787049124062
MAPT,-3.096630680198551
HTR1A,-5.938416683502012
HTR1B,-6.508679213541001
FXYD2,-4.344584346266146
LRFN2,-2.429916994697347
LRFN1,-1.1904955072532646
CCK,-5.511227900157567
HBZ,-3.8813550747304477
APLP1,-3.15426938528418
UTS2R,-3.4809643906167516
ATP2B3,-1.4434002697134596
PHYHIP,-2.1934391086099185
RYR1,-2.4432722387616566
RYR3,-3.647693053722089
RYR2,-3.6347072775077396
NTRK2,-5.126012672044723
NTRK3,-6.454208654969406
SLC34A1,-3.944109217545802
SLC34A3,-2.0285016709680392
PYGM,-1.173174963769627
HTR7,-4.47363186333314
IGHMBP2,-2.202288490480345
KCNN1,-4.056808132854715
GPR20,-3.30573410330637
BRINP2,-3.775441887350979
GPR6,-3.7323390480586722
GFRA4,-1.267883168955808
GFRA3,-5.447079196848766
MPIG6B,-2.603074552380345
HTR5A,-5.189609160420471
AIPL1,-4.397403162399837
HR,-3.0416845613991614
DES,-2.218276820037057
TMEM59L,-3.7781604174176104
DPEP3,-3.1632939524918275
EPHB6,-1.892258891245082
SLMAP,-2.0903397131664865
HTR2A,-6.486040884199726
PCBP3,-3.7771203353435814
NEUROG3,-2.4883671539843646
SCT,-1.8816880295520406
NEUROG1,-3.2243669751606547
GFRA2,-3.8480996680518
MYL10,-3.076715584534966
LMX1B,-4.865739031974651
NPHS1,-4.918308903653808
ITPR2,-3.1188434269520613
EVPL,-3.1536554412624636
FGF5,-5.795617470281703
FGF13,-3.356089991570822
AMPH,-2.214585620287094
BCAT2,0.823201600473017
ABCG4,-4.331479577300745
SNCG,-1.690284407321298
INA,-1.3496867761735016
SNCB,-1.614520373910241
EPHA8,-1.042246836173523
SLC32A1,-1.6895679658055907
SORCS3,-1.9763699209564038
EPHA3,-2.3864923224691883
EPHA2,-4.873434579849724
CYP2E1,-3.333880619589937
GBX2,-3.814441871238852
GBX1,-6.633683013227036
CACNB3,-3.3827297804131096
REEP2,-2.884530157851544
FGF17,-4.959251897051482
FGF16,-3.727956121064419
DAGLA,-2.073026217558051
RAP2A,-2.8160769589155414
SLC13A2,-2.398109460577402
SLC13A4,-2.7235704798913978
CHRNA4,-5.799940405451117
SLC8A1,-3.0471339266623443
UNC13B,-2.382113835978049
CHRNA2,-3.478493656544053
POMC,-6.6413953133631125
HIST1H1A,-1.2705674904393203
MAPK8IP2,-3.480769220640966
MAPK8IP3,-3.1284898553359914
PSPN,-3.062584651560486
MT-ND2,4.415977589464732
RASGRF1,-4.650058232370786
RASGRF2,-2.503589759802911
SYNGR1,-1.7706795615007231
PITPNM3,-3.463354706853584
PLEKHG6,-3.562419144096247
KALRN,-5.311066465883234
CLPS,-3.6863445105593105
CPLANE2,-2.4643835771546967
RUNDC3A,-3.6619118586538875
ADAM11,-5.077387056876752
GPR50,-7.5328244163725335
TRPA1,-5.199597505088562
CPNE7,-2.9104170395490856
CPNE6,-6.611374311748761
TH,-4.589211526520492
DAPK1,-0.9028881047473988
SIGLEC9,-3.348697177876923
SNTA1,-3.480204043538397
TRAF3,-2.099163072382435
MYL12B,0.6760956304007809
TMPRSS6,-1.6977736060538704
NR2E1,-3.8977325064137904
RAB3A,-0.1824636605797632
SHANK2,-3.771324246598311
ACTN2,-3.707366547215244
ACTN1,-1.8433869791791588
CYP4A11,-2.9663388602759846
ACTN4,-2.160986143339858
GRIN2B,-5.047266745622054
GRIN2C,-4.815614008078215
GRIN2A,-7.263661871354163
GRIN2D,-5.305811375979327
PTPRN,-3.8770021414627385
OR2B2,-5.27898465723271
MYO7B,-3.7006559301605093
SGPL1,0.8146285756373889
EHD1,0.7082594475033268
ATXN7L3,-1.0769406931402052
PLA2G6,-3.8267242707521136
PLA2G5,-3.90292320164887
PLA2G3,-1.7743335093288077
METTL17,2.754611154644154
BRCA1,0.6638705243096664
PRRC2A,-0.31822595249864927
FOXA1,-2.6742148452198076
KDM5D,-1.649915230738209
OSBP,-0.8764476497579836
SLC25A35,1.4554041161362627
SLC25A34,3.1460345476265625
PLA2G1B,-3.4985384951959295
CHKA,-1.251004706709951
WDR46,1.5333221034468079
PLA2G12B,-1.1178290214744948
CDC25B,-2.3494312517985048
KIAA0100,0.9326519299146662
POLR2A,-0.998135159448411
PIGO,-0.2491790555610885
JMJD7-PLA2G4B,-1.1593831204668337
TNFAIP2,-4.77183110351556
CRLS1,2.9825343289020148
IL17RA,-3.1719780275599856
PTDSS2,-0.24648668781975977
TOMM40L,4.744621275176741
KIF15,0.8106121679903731
MBOAT1,1.317139725474355
CDIPT,0.4646832313950066
IFT140,-1.7544398163872787
ZBTB17,-3.2879706252688887
CTPS2,1.7670990631190473
CUTC,3.6660117141732393
DAGLB,-1.191691095705222
PLA2G2A,-2.710036953379134
PLA2G2C,-0.8012923879924296
PLA2G2E,-2.2183220694532544
PLA2G2F,-2.5289554922388118
CAPN15,2.1532952174813023
SLC35D2,-0.7783867708378093
WDR19,0.10784485680879542
NBEAL2,-1.9228838504610386
WDR89,0.2937227009605049
ACER3,-0.7129951312521035
ARAP1,-3.654779596844499
SELENOI,-0.5203421976664155
PEF1,1.9659837866504482
ARFIP2,0.6840225207098867
PIGG,-0.9239596238339888
PIGN,0.462718702766083
MAP7D1,-0.14111682038927373
PLB1,-0.9974983633961626
PLA2G4B,-1.05960126990528
PLA2G4E,-1.115813783418826
RCC1,2.5284823102864378
CEPT1,0.6299646851300033
ZBTB48,-1.6234331251981093
NPIPA1,-2.270766709827537
CRKL,-1.9096727689520254
FKBP4,3.594773097389436
DUS2,1.3450212065225178
DIAPH1,-2.3632773494134365
SP2,-1.9999019288480089
CTNNBL1,1.4592502376337741
DDX49,3.423417013976798
YBX1,2.483736518791692
LTB4R2,0.3869795520581347
HINFP,-0.6334825296330968
TTC4,1.6945363441266283
GTF3C2,1.1765673466042974
GTF3C1,0.2672154829486159
TAF1L,-2.0722048336260013
XPO6,1.0023774126486475
MYPN,-1.4290233864996742
MAP1LC3A,-0.7295142007019786
GTF2I,-1.7586295764282505
UCK1,2.2425988815609115
LIN28A,-0.46662599738971783
NOC4L,0.8518793393235212
DNAJC8,2.8710849106483285
MTHFD1L,4.14101770154983
YJU2,0.8213738557407858
TTC31,0.4802257358554047
WDR36,1.6101549864603104
ATXN2,-1.5768867795060593
PIK3CB,-4.55131050729565
POLK,-0.3360672411259677
DYRK2,-4.112835120521632
AKAP13,-4.5228323725415285
RBM10,1.074853005328833
PPM1D,-3.38622436622142
NOL9,1.1789730574378892
SUPT6H,-2.728660874703465
SRPK3,-1.0885348678157534
GEMIN7,-0.3918950698075485
GEMIN4,1.1228643180175715
ABT1,1.3518461697479498
RBM4,0.9111560996248285
MORC2,-0.6809401823173962
WDR45B,-0.8426687379565598
YLPM1,-2.3578093941562375
CNOT1,-1.576948681301345
DHRS7B,3.383611976635347
KHSRP,-2.187361047760018
ZNFX1,-2.0384581170228206
BRD9,2.0332939849065
CBR1,1.5335929356213545
PRPF8,0.5565983586008212
LRRC47,2.4315968065074633
BRD7,-0.2978564566393666
VPS33A,1.4739343160808334
SETD4,-0.8132677608189591
CCDC12,2.9081032718292352
TYRP1,-2.871642712410765
SMARCAL1,-1.0888991208571948
NMT1,1.247777456779503
KIFC1,-0.4982216559798066
ISG20L2,2.256680801239992
DNAJA4,1.2159488459180967
FKBPL,-0.18079439572565995
DBT,4.049194288517114
CD2BP2,-1.0295260747403816
DHX38,-1.6789377288031435
DHX33,1.328359214729105
EXOSC6,3.258192352831135
GUSB,-0.6239164021173581
KDM5B,-3.255156993428535
TARS2,17.431956136512497
MLLT10,-0.799969786519198
ACLY,2.8290774630315276
LARS,5.604701468015683
RNASEH2A,3.4715788563366448
NUBP1,3.760422367560569
NSD1,-2.632116666768735
MCM3,3.5409976371658196
NSD2,-1.5135128074789599
NUDCD1,1.451260951298203
CIRBP,0.06675330395415448
RFC2,3.774727578330938
UTP25,1.3038633182775197
KIF11,0.2477582003640119
HNRNPCL1,-0.5109067837396265
NUP62,0.7587641162006158
DNAJB1,0.2170677776295486
H1FX,-0.2278379583955702
GPATCH11,0.8953060013751271
SUGP2,-0.5103885187143681
RBBP4,-1.0060634465161904
KLHL18,-0.4335042004651983
MRPS18A,5.317566478013917
NUDT10,-0.2952868627811491
NUDT11,-0.2023957771173094
CELF1,-2.251654770308692
IGF2BP3,-0.19276366797122357
ATXN2L,-1.5738897349237837
MXD1,-2.6992574517463055
BUD13,-0.9051029928154162
TFIP11,-0.9760991798263045
CA2,-0.3155550125502026
POLA1,0.6655717165573786
PNPT1,4.865864887684497
MRPS14,5.463307534949932
SMARCA1,-2.6913575825290637
ELAC1,2.7986289140434684
LARP4B,-0.19127387440954582
TPM3,-0.13004712999861442
NDUFS2,13.876712045238769
PCMTD1,-0.10208256935288494
ATAD3A,3.4284816842096975
LSM2,2.8620791606896305
NLE1,1.3707507645882486
DYNC1H1,-1.885004654886283
TBC1D22B,-2.7183595763137816
NSUN3,0.09594347762472435
NSUN5,0.8998462321093326
NOTCH1,-4.255494820016083
ADD1,-0.5156353777928551
PPIL1,4.096178645506731
PPIL3,0.6803304799054507
POLR3C,1.1938060802729809
FAM50B,-0.5557685229838132
PRMT7,1.346748983274526
TOMM34,1.6198181995522605
CHERP,-0.9085931009277368
TRMO,-0.8804419499068121
SPEN,-3.3528101488347923
HELQ,-0.901194667083744
JADE2,-2.3454826797948956
USP22,-0.3520433538552591
THADA,-1.090585517602921
PGK1,3.9630574060437307
TRRAP,-2.0470517408711895
RPUSD2,2.2547072236082464
TUBB1,0.33626562044936353
TESK2,-0.9425072710497402
PRPF19,1.7504514372001216
LRCH1,-2.5178671862673303
MRPL2,4.390108441319695
BAG3,-1.7428500942854006
RPUSD3,2.9648289084232813
DDX31,0.835943812508609
DARS2,14.365074132390182
CHCHD10,11.523772419441764
SF3B4,-0.026752497255657037
CWC15,-0.09369522000455732
HTATSF1,0.676361427950692
RAD51D,1.471432351307129
RIPK3,-2.1730783620093694
BLMH,1.0491116135290153
PPIH,3.4127940881057737
TRMT2A,1.7129754876121517
FKBP8,0.025073337195893577
KANSL1,-2.0822375599948577
DNAJC7,1.0657586165894117
VARS,4.049672033529232
TTF2,-0.7910093930630525
NAP1L4,1.254967796021484
GBA,-0.25802286262656954
NBAS,-1.1472883623699688
MCM5,1.806333063595904
PHF5A,-0.19060279703001035
NOMO1,1.0110895660668449
DDX28,1.1718747986314073
PDK3,0.7179728496191684
NRDE2,-1.249312655265098
KCNK5,-1.9095830123841993
ABCC5,-0.9880455705014043
TRMT61A,-0.31121905509694897
PUF60,2.7699414724173232
TARSL2,4.3266113795591385
POLR1A,1.9173674625113437
AHCYL1,1.4762049406065116
AHCYL2,-1.2956942190649583
SNRNP35,-0.2153806185990639
LIG3,17.53060122382743
MYB,-3.5498775450871505
PYGL,-0.29775182694596625
ATG2A,-0.9128324349852251
IP6K2,-1.3220570880579288
HSDL2,2.9833360259505803
TLR2,-4.728887135898924
ELP3,1.4665696781137227
NCBP2L,-0.25437913322715594
TPGS1,-0.9487316505222703
DQX1,0.5890675503503351
ATAD3B,2.8189240167369545
CHD6,-3.6018956354572884
INTS4,-0.6184538236878098
CAP1,-0.31964910787583906
SKIV2L,0.048543304857045125
RBMX2,0.31140075544490226
INTS9,0.5194272517387075
MRPL11,5.0940315489052885
POLR2C,-0.4361394455624124
STRADA,-1.7880752315787198
ERCC6L2,-1.8548879226190462
IPO9,-0.019703912851103116
GPKOW,-2.5823200558974544
CDX1,-4.426877881077202
BRD2,-3.536518124324594
WRNIP1,0.08164759516611234
POLD1,0.8619916156645979
HIST1H1T,-0.6449889608543028
PHLPP1,-2.2642272214534787
DDX25,-2.1971242117689025
EP400,-2.1100940313810703
PSMB3,1.7532550111812817
NSUN2,3.341150055883829
TALDO1,5.114520808753603
CLEC16A,-1.5499694439552967
CACTIN,-0.6761940902164371
DHX32,-0.011055136954838911
TSR2,0.34971727863708
LDHA,4.284826910907785
PABPN1,-0.6125845821591541
ALDH9A1,3.369030651595315
XRN2,0.4665928643366745
DHX34,-0.17329855769217473
DIS3,2.063125180232769
PRPF38A,-0.373886178884675
TAB1,0.7461908172831582
HIST1H4H,-1.3824974184863006
PAWR,-1.1969523126629649
GTSE1,-1.4264725354176937
GTF3C4,0.04074568574760639
DNASE1L3,-2.0548022079730917
KCNH5,-1.7995873040197095
KCNH1,-4.288349794276419
ATAD5,0.2378720088217814
UTP23,-0.10590924657699201
UTP20,1.3966842573309186
GANAB,-1.2756642472697985
GDAP1,-0.7300688962006738
ADARB2,-2.63245881680334
CDC45,0.2971338931441248
CHAF1B,-0.5778376605001752
UBTF,-1.3607733140172042
KIF4A,-1.0146804816029782
CDCA8,0.11257951639006783
MCM10,1.6833081993070527
AKAP8L,-1.8581809637240225
HDGF,1.13886764936335
RECQL5,-0.7992752069005526
MED6,-1.008574603550693
ZNF609,-1.9592001462217055
ZNF330,1.5176319896576564
PATL1,-0.876650462425295
ZMAT3,-0.3693465484212049
MYBL2,-1.142805062292296
PAPOLG,-1.780094471557929
KMT5A,-1.6837073721346676
POLR3B,3.2560441580216883
OIP5,0.8999630913631087
SLC25A3,6.421924277128279
PRMT6,1.4568009997298572
PQBP1,0.519355721873661
AEN,-0.02079676537239068
GINS1,2.5465388364549333
CEP55,0.23095429424677946
G2E3,-0.9648833981357134
NUP58,-0.7088797012141046
OCRL,-2.748997655789028
ATAD2,0.897478254256071
SPAG5,0.5722158888003229
PCLAF,2.6091629313446387
AKIRIN1,-1.1950742853749348
DNAJC10,1.4471543578801038
MBTPS2,0.9653793709824958
DR1,-0.389139421543519
EIF4G2,0.3292715066796703
CHD4,-2.2587459005404797
CDC25C,-0.7250162967040804
CDC25A,-1.169028557176619
POLR2H,3.324917839043164
POLR2J,2.7528886980055876
AGO1,-0.7750871132496419
AVEN,1.3032465931154653
APAF1,-2.667571633513897
HELLS,0.8163665834641132
HIST1H1D,-0.998401125214697
HIST1H1B,-0.3983470381104898
KIF20B,-0.4903763159601531
OVOL2,-2.13643875534728
OVOL1,-3.0544635142495693
ESCO2,-0.33586277503584683
PSPC1,-0.6093328470519339
METTL16,-0.18402194109270098
ZMYM4,-1.5786857290841803
SRFBP1,2.225267534108887
MACROD1,1.6679535298498933
R3HCC1L,-2.0581541822936873
DDX60L,-1.5382592284575163
IL7R,-5.857324626718058
ODR4,-0.64336847816121
H3F3B,-2.438130269671115
H3F3A,-2.00316673205001
PDAP1,0.1833565502533056
MPP5,-0.5684633794799526
SS18,-1.9561539591353425
CDK5RAP1,3.4368006285146584
DHFR,2.0298782138241585
MDC1,-0.4833944222697972
KIF18A,-0.8766211920272307
TRIP13,1.4377885219366398
LIN7C,-0.8184550935028952
UHMK1,-1.117301304464707
BARD1,-1.7700847634685146
BAZ1B,-2.1094119575441495
EXO1,2.112168214180604
DEPDC1,-0.7378693162825307
ALKBH5,-0.3392250996635482
ATM,-2.0564705881588945
SMPD4,-0.9059553214478365
FASN,-0.6624531256067302
H1F0,0.9473472057021488
NPAT,-2.6646235054546024
CALR,-0.9205278600876339
SKOR1,-0.3761564397543403
LOC107987487,0.294059383044941
ELAC2,15.450499040379631
PRKCI,-2.8181272764504945
SCRIB,-0.38615264294879614
CWC25,-0.050748463279054856
TRUB1,3.085975340895772
NUP214,-0.6161004072364835
EMD,-0.4140372710807997
EPB41,-0.6188525004646206
GLYR1,-0.4950151322313597
TOP3A,1.3729129738146062
TOP3B,-0.4437685099362198
KRT5,-3.6434358857700118
RABEP1,1.1719464372163007
BIRC5,-1.0200653239368946
NKX2-1,-3.7195167420733886
PINX1,0.15209773478366717
DGCR8,-0.21231266846954708
LOC107987491,0.44616546179831024
RPP40,4.858230772136013
HLA-B,-1.4063296210141563
H2AFY,0.4126979203820509
NCAPG2,0.6670237770521489
HAUS1,1.9305954957301419
TFE3,-0.2301319878263481
HIST1H2BB,-0.9550336448767768
HIST1H2BM,-1.0552022436294544
VAV2,-3.6089900419087786
FYTTD1,-0.6959013168064017
TP63,-4.921028750155882
GNL3L,1.8657056947067023
NAA25,0.33929605645388744
LRRC8A,-1.54183895958832
IGFLR1,-1.7632341519070456
U2AF1L5,-0.8886242146009333
NPM3,2.368091087445623
PARPBP,1.6338182792260398
RIC1,-0.9919431403104816
PRIM1,3.2732497809484142
PRIM2,0.5818529305279383
NCAPD2,1.9691105754662144
HIST2H3D,-2.2976655242235102
HIST2H3C,-2.203354430672356
EMC1,0.5982618442612243
SMC5,-1.5774248350881348
NAA35,0.1754017932322841
RBM3,1.5982539317755753
ZMYND11,-1.45362844370409
IVNS1ABP,6.16229420421391
C1orf112,-0.20643812457974794
URB2,2.2576167172844537
CENPF,0.7231761004078493
CENPE,0.32667445741842727
CENPA,0.7716444978911776
MPHOSPH9,0.38892941543359977
DDX59,2.254374112169798
DDX53,0.9133595840810814
NSD3,-2.3404193476926283
WDHD1,0.8249110698886679
RACGAP1,0.06441511278119208
CEP250,-1.3458371622526908
UHRF1,-0.9275750059236413
MCMBP,1.2627784804712718
SMN2,-0.6251863623920468
ILRUN,-0.8637746103389754
NLGN1,-2.1078073927181515
CSTF3,1.6789444106232183
CSTF2,0.9780804343593218
CCNT1,-2.4217311535812636
CREBZF,-0.621227512320625
BRCA2,-0.9321772680817639
WNK1,-2.361451658685507
ACOT7,2.71021741147589
USP36,-0.3703494402911281
RBBP5,-1.4431722034572951
KIF22,0.7065269266851465
ACSBG1,-1.2863258041667986
XRCC4,0.24467360336275948
DDX60,-2.149347197863888
LMNB2,0.9713135871646031
PHF6,0.1311498452474672
PHF1,-1.8949442619907781
RPP30,4.033398845825436
KCNA4,-2.5057981192574603
KCNA2,-2.5361928131547207
KCNA3,-2.7849216810858377
RAD51C,4.396967024564097
ERLIN1,0.6079305734064148
CTDSPL2,-1.2242758960472613
HMGXB4,-1.637874435003276
CORO1C,-2.215754821934451
DNA2,1.1101763899543384
KRT14,-3.637252244220841
NFATC2IP,-1.770793290976149
CASP3,-2.3649456837340668
CASP8,-2.992938203121575
PLK4,-1.1463851621984067
ADAD1,-3.1787523676389142
ADAD2,-2.907432940540007
GRK5,-4.021057688346228
CAPN2,-2.042807970068756
COG8,-0.9729275018003801
PCBP2,-0.21394072334085057
SMC1A,0.8448412593607325
ACE,-2.275935086757246
DNHD1,-0.7542138079299435
HNRNPUL2,-0.1491106274785615
KCTD20,-1.6605904435213361
FKBP5,-1.6980572046337363
PPP4R3A,-1.4333300109484706
APBB1,-3.035069839510526
GABARAP,2.0197691791114547
WDR4,1.6770064435391467
IWS1,-0.5013456169461775
MYD88,-3.229443823439
HMGN1,2.8422971612934678
DTL,0.8631532253284213
MSH3,3.537616416265825
HNRNPCL2,-0.08854611202091571
DEPDC1B,-0.2729192419665396
SPDL1,0.456487796985618
TAF15,-1.5470042705248617
TNFRSF10D,-2.370881636671552
CDC6,2.9711060629861543
KNTC1,0.7449049366613486
RBM19,-0.19899613865528049
TMEM259,-1.6289216637261994
CPSF7,-1.079949969088454
CPSF1,-1.0370966799695536
RNMT,-1.7980202967061805
PMPCA,15.679551462269073
MBD2,-2.387755830130529
PATZ1,-1.0306770950616946
RBBP8,1.7757975938305588
SLC29A1,0.1442434829585057
CCNE2,-1.1781901642558117
FTSJ1,2.7439402451650925
L1TD1,-1.6905070740528436
ZWILCH,0.6803311105598523
DTYMK,3.8918209835772553
PIWIL4,-1.0272009592046523
PIWIL3,-1.1938413128388237
KIF14,-1.1436723151163168
FANCD2,-1.0894439136536738
CBX5,-1.062287657962206
IGF2BP1,-0.45725351764860117
KIF1C,-1.6312334386969265
NFE2L1,-1.1611385644626933
CD247,-4.333311351570738
ABCB1,-3.0238878070978945
DHODH,4.0087535663701654
NCAPH,0.7952436111901728
NCAPG,0.7596256613055811
TNFRSF14,-0.6514347798761021
CRK,-3.9529330105831115
POLE2,2.4124289476981216
TFDP1,1.662613888345452
RHOT2,1.427213694045592
EHMT2,-1.594502503221925
NUSAP1,1.022140192094111
ZBED4,-1.1468102857031328
SHCBP1,-1.0190942839112638
GPD2,0.7643238388000934
SUV39H2,-1.0148055458414251
MAP3K14,-0.4122459463226118
BCL2L2,-1.5757929038385254
TMOD2,-1.4864015061441294
ZNF281,-2.401084640387578
HEXIM1,-1.0160952889876858
IDE,2.5590226040073527
GUF1,4.363202084949188
HNRNPL,0.025693783583056976
MRM3,3.408783304925593
STAU2,0.3328396139534158
FBXO46,0.27085517058741027
RAB35,0.15896611623287155
HNRNPA1L2,-0.1757135478315824
CFL2,-0.569815247284025
NFIA,-1.5365000847878023
NELFA,-0.20442465831993578
MEN1,0.5192606587608868
MVK,-2.742434205708969
BUB1B,0.4254223973581546
SMARCD1,-2.712475916423776
CD3EAP,2.7132664937579647
PIDD1,-2.276128147502361
KLC1,-2.2932858451858475
SOX12,-1.506501128201784
HPDL,2.6881106783729574
FLNA,-2.616379614099255
LETM1,3.6463243004136254
ENTR1,0.17109670676135164
POLE,-0.5209143767304152
INTS5,1.665601940617657
HIC2,-2.0030314198214416
CKS1B,1.8164513445218708
TM9SF1,-0.30435786330834846
PTTG1,2.851717956949775
SZT2,-2.137656965260321
TEDC2,-0.38266947737364676
IGSF8,-0.9552909612162581
MED19,-1.2092123192730357
CHAF1A,0.7266118173255267
TRMU,2.9714758765861986
CDK16,-0.14172431171481772
PDCD2L,1.6271491914874616
KIF18B,-0.07776792122602526
SFSWAP,-1.409097266173471
TBL1X,-2.649083023674069
TBL1Y,-1.8041093780893511
HEXA,-1.5476280749383935
MBD3,-0.35236811069887813
TLN1,-1.7634702842656844
SIX4,-2.2159823329813255
HDAC6,-2.1739902604765136
CDKN2A,-1.2240347048713998
TSC22D4,-2.3193371109709457
PAFAH1B3,2.000372340113749
SLC2A1,-3.3297957129804048
KCNH4,-2.048203666253749
SLC4A2,-1.4346404538748465
RECQL4,2.2519953409589264
SLC29A2,-0.03581414403235316
CCNE1,0.1959457581929817
TIMELESS,0.3379310047144719
GYS1,0.18019349234000923
RAD54L2,-1.9800108516425285
SMYD5,-0.06780936258111543
RAG1,-2.402651041212256
TELO2,-0.28984559165554685
FGFR1OP,-1.8469782262306282
GTPBP3,9.046114304549862
PIMREG,0.10807732779701815
SLX4,1.6135248022298931
FANCG,1.7933069658708765
CLASRP,-1.4425133029679478
RALGDS,-3.27755291426367
MED22,-0.002147336207403528
PARD3,-3.3883611022693727
HOXA7,-2.5467632986464803
MFSD12,-0.3533968242162957
CDK8,-1.8955295125254026
DSCC1,-0.10030928372729807
MAD2L1,2.8072340961624316
C19orf24,2.512838297494881
AQP2,-6.061018772834945
DRG2,3.337915984247124
RAD54L,-0.5953775268047601
FASTK,1.7893348715439967
CIAO3,0.5673214866832987
ZAP70,-3.6203157406621913
DNAJC11,3.631397087305736
INTS1,-0.7681696452222944
THOP1,2.449848035716469
ETV4,-2.292752119319096
TYMS,3.114759501378546
SAE1,1.335127031666522
PAGR1,-0.9812704311351182
RAD9A,-1.126352025720119
RRP7A,1.3422259884279795
RANBP10,0.04611444707281546
EML3,-2.460244184304382
CLN6,0.2703295799238541
ZNF574,-1.4442144835013613
WDR62,-1.5723535283131111
NUP210,-1.541060167922456
PNKP,1.1024795094890716
GPATCH4,0.9910204811369643
CLSPN,-1.2215798121499744
MRPL28,3.8197287527112884
NPTX1,-1.9589431625592093
XRCC3,1.426096448285269
USP44,-0.6951915213541
ORC6,-0.37244786777750605
PLCB3,-3.721155256792788
GPHN,1.0627684990185973
RHBDF2,-0.16590434522347336
POLA2,-0.11064537679420292
CTNND1,-2.5023907636010474
IL1A,-5.181957053448072
IFNB1,-5.6112552553810255
ERN2,1.8293568544400485
POU5F1,-0.9752433941429036
LRP5,-1.0196815781334259
NABP2,2.058286497453383
GATAD2A,-1.3874589714724466
SIGMAR1,2.9854891827538195
RPAP1,-0.36459216884572965
NUP188,0.24930651783144078
ATG7,0.9493270753831657
TERT,-4.040675776010675
KMT2B,-1.8925049929648687
PSMC3IP,-0.8956460035372672
PIGR,-6.368326294864888
WRAP53,0.6935079829203119
CDKN3,1.3888169966192578
CTRL,-4.557415793283901
MRGBP,4.379783312392989
HBB,-0.18751826563495905
HRNR,0.9186116726902182
ZNF142,-0.09957135337091719
DENND2D,-1.7717107592526722
GRK6,-3.528833998530042
NSMF,-1.2101888303162218
GOLGA1,-1.6431709494114497
GOLGA2,-1.6247827546822589
ZNF787,-0.10536694713368737
SEPT11,-0.3088632079055442
MED15,-3.09157939079823
MED16,0.18675124454903405
CSNK1G2,-1.355691102797889
CCDC85B,-0.6548072290465111
PELP1,-0.30884363706670076
SCARB1,-1.9067048242098585
HIRIP3,0.6049296406021283
RASSF9,-1.6908613195717122
STMN1,1.2483675691762175
PTOV1,0.35295563959186316
DNM2,-3.8186142062030175
RSAD1,2.807547302710016
HAUS5,-0.7817154986136486
ZNF282,-1.4594499525674347
SIRT6,-1.2215942945663008
TMEM94,-2.243872124343136
PLEC,-2.371210873972613
TAF6,-0.8729284396236103
PEX5,0.4219033741799451
CTDNEP1,-0.6376509703398854
RFWD3,-0.1279739171736245
ARMC6,0.10205518302115739
JMJD4,0.20314947302367736
GPN1,4.105509864320057
TCF20,-2.522879614442998
HMGA1,-0.7023012823048203
FHOD1,-1.0960405245401093
RIN1,-2.7996423222810356
CARM1,-0.01305399050390098
OXCT1,16.707066775715944
KIF20A,0.43573170145193835
FOPNL,0.4434001887382912
HSPBP1,2.2385031638877315
HJURP,1.058311816626558
HCFC1,0.14876859490736977
PAXX,1.5621484044657614
TTLL12,2.1767856579435123
TSSC4,0.21816538359044158
MTA1,-2.026017624548546
NF2,0.5913521230537998
ANLN,0.6115403685725491
ARMC9,-0.860907052610341
SSBP3,-1.9192515800980974
NSRP1,-0.9259835949405091
BLOC1S6,-1.2461137677638103
CEP120,-1.969730865244032
ARHGAP21,-2.549376602552549
MMGT1,1.8497712664655304
DOCK7,-0.709037891906839
CIAO1,1.6141233375658954
JMY,-1.4664111497597985
RCN1,-1.7417610431419759
NEPRO,-0.27983938197167646
EXOC6,-1.3672484553979645
WEE1,-1.7234157636973848
DIAPH2,-2.0318775715305857
NXF2B,-0.6675205033541227
NXF3,-1.0510143271472594
SENP1,-1.2129832098566058
CUX1,-1.0550164070049048
HOXC13,-2.9133282779477625
NAB1,-1.1117294632850296
OTUD4,-3.1843944992450894
NXF5,-0.5458276749690812
MECP2,-3.101716561526155
RGPD2,-0.5133166851510876
RGPD1,-1.036488790745299
RGPD4,-0.6447596168668567
RGPD5,-0.8071148723708289
GEMIN8,-0.7092356127163224
PRKD3,-0.5862087814651068
FOXI2,1.7196579339452813
IFIH1,-2.9872458862765034
NFX1,-0.4371257104872587
MAD1L1,-0.2503359012702524
SKA1,-1.3837570319068138
SKA2,-0.7406780634797704
CDCA5,0.7100896585275582
UXS1,2.137986299971817
QRICH2,-0.8999939623849809
AAAS,0.694083408269481
TMEM33,2.358856999194907
CDCA2,0.8981924070553803
CENPO,-1.7832880184119573
CENPN,1.0117964522577607
CENPM,1.4916406463028287
CENPL,-0.3080806266908922
CENPI,-1.4988237782173415
CENPH,0.1834234400469715
CHM,-1.8500146383109797
PROSER1,2.568092324578028
CCL13,-3.649884572738089
NUP88,0.8314838593124432
POM121C,-0.7230315409935875
CCAR2,0.275687601032401
SGO2,-0.6767034536820756
ESPL1,-0.10616844340859327
GTF2E2,2.6221713027887485
NEK9,-1.035314402356608
INCENP,-1.4937539364533532
BUB1,0.5056837427472015
CD70,2.49194661642805
HDAC8,-1.6001383101355673
TPM4,-1.7043447434408578
RANBP3,-1.459304717533201
PAF1,-0.337228855019738
FOXL1,0.10034608614108137
ZW10,-0.16752113243447608
MFN2,3.1251079616541024
CDK7,-0.8445911327586495
ITGB3BP,3.208200140775817
KNL1,-1.2122593056225988
PBX2P1,-2.278361502546718
PBX1,-3.4640482654793057
NSUN6,0.2551475262695232
RAPGEF3,-2.9477174963411703
UNK,-0.21573836178376246
NDC1,3.881351944215299
HDAC11,-2.3228588656018356
GBF1,-1.155058288260606
KAT2A,-2.243329860588739
B9D2,-1.3586650485703733
POMZP3,-1.5088986345835274
TENT4A,-0.42069642357815473
DSN1,2.3268031218349
ZNF318,-0.2844836389563983
TMEM209,0.41604975577984227
ERCC6L,-0.613812101132003
PPP2R1B,-1.8947911768802999
CENPS,-0.40837010124029716
NADK,-0.1764747833749411
HPS5,-0.28224505891957535
MSI2,-0.9460921991475351
MSI1,-3.2672775377120487
POLR3A,0.6783392658939066
POGZ,-3.1863901300859805
CENPT,-1.1229781573195259
CENPU,1.666559121440768
CENPP,-1.0719500852547814
NUF2,0.24969312268914035
QTRT2,3.158072125360472
PMF1,2.0763768305469052
FAM193A,-2.554195524520528
SGO1,-1.3231836978258764
SPC25,-0.63820918792799
SPC24,-0.7255222501267733
PHF21A,-3.4271012981765674
CENPQ,-0.8374500202630156
MMS19,1.251610972070425
ASXL1,-2.670348900519729
ZBTB33,-1.9280071524959987
ODF2,-0.8899524371899266
NXF2,0.09576055040589256
SIK3,-1.2404773773371323
SFMBT1,-0.9916931742280908
PBX3,-2.708104053550074
KDM6A,-4.0602979096276055
LIN54,-1.3738179317884471
ELL,-0.8664537635617384
SNUPN,2.4298181794079032
SYNE2,-2.703396709966562
NXT2,-0.9614313487704813
STAT5B,-4.096863616793315
HSPA1B,-0.7982861959220928
NUP43,-1.1637605059506537
RCC2,2.5030629005236147
RANBP3L,-0.6647671286489081
IGF1R,-3.559179839655309
WIPI2,-0.9683719197442734
SOX13,-2.36741419999958
CHRAC1,-0.4173305654007266
TP53I3,0.9061200128664775
ZNF428,0.5657310516659669
SESN1,0.04499454098253001
DCTN2,0.29155076525156565
POLL,0.40611833940076897
POLQ,-1.1442591140855243
HIST1H2BO,-1.1925754295772193
TFPT,-0.6457822200166656
AIG1,2.3914762159957315
NFRKB,-1.3176563471329354
ZFYVE26,-2.426634415229609
GTF2H2C,-0.8876583388515447
SPIN2B,-0.3137612819794931
APOBEC3C,-0.7100174745626808
ABCA1,-2.7211587030948077
COPS7B,-0.9263409152002247
COPS7A,1.0227071102675644
MAPKBP1,-1.7524377489346419
WDR76,0.24370488108752192
LDB2,-4.229385699440604
AASDH,-0.04416199661990289
CSAD,-1.2185211737264496
TMEM43,0.012255308863413316
COPS6,1.9544073373623398
ORAI3,1.1759712245289613
DNAJB5,0.3773664927434514
GORASP1,-1.4202289878055347
MTMR14,-1.531258005779682
PGGHG,-2.00248790444812
OXLD1,3.164144899661734
NAA40,-0.898577559254381
PHLDA3,1.0978297096518645
HIST1H3A,-1.7196881539020794
GOLGB1,-3.1262047514383196
BCL2,-3.9904268225466293
PTPN14,-2.2183776905811103
RRM2B,2.181058241900897
PHF8,-1.5952821363780025
MSMO1,-0.48472334346213347
H2AFY2,-0.49021612351230287
FOXO1,-5.296670404071227
HIST2H2BE,-2.454767417058194
BBC3,-3.2233224825058877
INO80E,0.014171617253323743
INO80B,-0.35732626653511407
INO80C,-0.4773128639993696
RPA4,0.6871878048354727
ATXN3,-0.21165051219578002
EPM2AIP1,-2.493266080018952
ZNF512B,-1.3256950643111534
PLIN2,-2.5586601875993886
OGG1,0.05671836801167343
CRCP,-0.7584294154431097
POC5,1.1392042071024158
FAXDC2,-2.125184414134743
CHD2,-4.029736613421232
HIST1H2BD,-2.3344553607775986
HIST1H2BG,-1.3923037964308465
HIST1H2BA,-1.7442422798572668
AKR7A3,1.0297213030833265
APLF,1.0094744101496982
ACTR8,-1.24606129036713
ACTR5,1.2261991542845136
PIAS3,-1.7434952192767939
HIST1H2AG,-1.6553846586747099
NGLY1,-0.9365053082516415
DGKA,-1.8143421388800363
PLXNB2,-0.02659758266034768
FGFR1OP2,-1.5303966476442639
HIST1H4F,-2.206026618121211
HIST1H4A,-2.3122669911682636
ADIPOQ,-3.657480205396801
ZDHHC13,-1.8373329523452293
ZNF703,-1.0852208677635873
ZSWIM4,-1.4200657592060009
SPTLC2,-0.616242318612101
MACO1,-1.4295402860543391
TMEM53,-0.6109677297441978
MUC2,-3.5296162863287646
SP4,-4.545644133467407
SP7,-2.28585504640152
AKIRIN2,-0.8109541652094475
TMLHE,2.0909538146713156
LMO1,-2.9777219607191823
ITGA2,-3.995616362423839
ALDH3A1,-0.5830055030195671
SWAP70,-2.631849055952684
APOA2,-3.5530127694615414
PHLDA2,-0.5623417710607017
CYP27B1,-1.8093944885245454
AGPAT3,0.5005269720317665
PRSS50,-3.236224037370766
RAG2,-2.9058807368299173
RPS6KA4,-3.166609372684239
HLX,-2.205812066047692
NR0B2,-5.271882289789526
ZNF296,-1.8232983937488303
CD40LG,-5.176601050515886
TRERF1,-1.4369461934602732
MIOS,0.3705423793868381
ZSWIM3,-1.5482650521057608
TCEA3,-0.7515999432288503
CHTF18,-1.183476881882152
PAAF1,0.9459687307803972
BDKRB2,-4.8470789939580605
CLPTM1,-0.7968201583487969
SPHK2,0.257255735065105
FIZ1,2.305607375872597
ZNF780A,-1.8356288542452432
RHEBL1,-1.6713719905294449
CDCA3,-0.6053583920975731
CDCA7,1.5164868928030932
MNDA,-3.684868635302675
RSF1,-3.259955443989948
ZNF687,-1.622515319592486
THAP8,0.967174870736274
DZIP1L,-1.108819597692295
NQO1,-0.4360453879044698
SIX5,-0.5020743308361075
CLOCK,-2.2411846394329147
MR1,-2.8707296516876832
HTN3,-2.654680490811648
RELB,-3.478295798330064
ZFP64,-1.6413408881138776
HMG20B,-0.4549791623156879
ARRDC4,-1.2570809938660608
KLKB1,-4.81503237691973
COL7A1,-3.348102296305134
ELK4,-2.6376949405007086
RBM18,-0.27940089798062967
FOXP2,-2.0659740755375315
FOXP1,-0.6907897783158886
BCL11B,-3.7344260960525593
FOXP4,-1.055644758006945
ZNF597,-1.052017453553069
ZNF595,-1.783823540815346
GAST,-4.718799994247983
LHCGR,-4.9182219352861924
CAMTA1,-2.2888662292595683
TNS1,-1.3215767807769299
IGF1,-3.825927538288768
GCG,-5.82371026891319
IGFBP1,-4.025875517753505
HBE1,-2.823762869689473
CYP2R1,-1.2301394457341737
ABTB2,-1.081968452437251
CYP27A1,-2.3109650712811214
BTC,-3.5321094755222413
MEF2D,-3.529274022053472
GAS7,-3.4878564717764555
MECOM,-4.0399764251520764
CIB2,-2.150342992988023
TGFBR2,-4.60184789677996
MTMR12,1.2287222515127747
SEPHS2,1.9902315862109987
ZNF48,-1.3096345420902997
STMN2,-2.5287941204621998
FOXL2,0.33178081204563853
LRRC39,-2.0837439566064897
NFYC,-0.41705193143141217
PITX2,-4.020183966180579
CTCFL,-1.7984081797417482
ANGPTL7,-1.8637939958404801
GALNS,-1.2558256930635179
VASP,-2.9015776453783757
CYTH2,-1.8239833459101789
CALCR,-3.484969666282221
KATNB1,-0.2099183731057487
WIPF1,-4.092363796166312
B3GAT3,-0.6355764444922012
MBNL2,-2.3614868943606857
TRIM24,-1.315465618363679
CLCN2,-1.6952625131091583
R3HDM2,-2.716723666289384
FLRT1,-4.179910809162
FLRT3,-0.4314420725515971
KAT8,-1.5755198926736314
TTC16,-1.8801284366703266
DMD,-4.936288309532218
C16orf72,-1.496239105687383
DNAJC27,-1.743251640485555
SLC31A1,1.6670494392758026
ZNF223,-1.7729254226547138
ZFP91,1.131115131456175
EGR2,-3.214478890705308
PPARGC1A,-0.6667936032700842
SUPT20H,-2.2283835784671218
RPUSD4,1.627823928273921
ZFAT,-1.6436016950695684
PTPN4,-2.3832101072185936
GINS4,-0.9394065679645446
LRCH4,-1.6509935061004846
LRCH2,-1.6610951388396127
LRCH3,-3.4444067222860735
DENND6A,-0.14749625606882033
ZNF385A,-1.3401374859515478
PSMA1,1.6707622807709712
ZSCAN29,-1.3760308642527854
TSSK6,0.022838044980842884
PDHA1,6.0657718252643384
LCAT,-2.28059940056982
MSH5,1.774196165520962
SRY,-5.772998032965829
SOX9,-3.6411176833670664
AGPAT1,0.083236098884954
FOXO4,-3.3060556925174223
PRICKLE4,2.5187863047425774
LRRC8C,-2.0752019192975393
RGS3,0.8374907115501949
PLAG1,-2.877022743541281
KIR2DL4,-2.6457654624923066
PIGV,1.2821900424348982
NAB2,-0.4155612030677152
COQ8B,12.236902577175668
MGARP,-0.5563822936373899
FXYD1,-2.8844865043918393
ZFAND4,-0.9236358889432112
KLRG1,-3.5786785602161624
ARHGAP26,-2.652647293488887
PPP1R16A,-1.0587453673759328
PPP1R16B,-4.1751447630614615
ZSCAN20,-1.4004878241088015
ZSCAN21,-0.9497784920442134
DDIT4,-1.966937102640099
ABHD2,-1.1209553664026344
NUCB2,-0.4989925526557728
BMP7,-4.791945105620971
BMP4,-5.749901315530468
BMP2,-5.043327302103026
MAF1,-0.4544225003444487
NR1I3,-3.2625542155692107
NR1I2,-4.700423840756298
PACSIN2,-2.00515434309371
CCNI,-0.16318371381060343
CCNK,-2.1681928939102555
RASSF1,-0.3583294587181363
RASSF2,-1.801712835345025
CCHCR1,-1.6995679292025259
MNT,-2.3208384508645588
CRMP1,-0.02272712040789037
SLC49A4,-0.8109702929601045
VPS35L,0.07578241976266727
PRDM16,-2.1128969953228536
PRDM13,-1.8878419163572198
TMEM60,2.253785585402709
PRKCZ,-3.416226348461253
CASKIN2,-2.5682877127454624
CASKIN1,-1.6767554652394734
ZNF629,-1.8828647998689596
RAP2B,-2.222474459051079
ESRRB,-3.3192641174679176
ADA,-1.0565366169015191
TSNAXIP1,-3.211125255831955
ADH6,-1.313773911097223
BABAM2,2.6782454482340983
RASL12,-2.960078315578274
HIST1H2AM,-1.5669902214002027
HIST1H2AI,0.4026370006408896
ANKHD1,-2.314231168424921
HIST1H2AE,0.5423439481514634
NRIP3,-1.8958759815754591
SWSAP1,-0.12709772470494296
HIST1H2AB,-1.2687502289227686
BCL2L11,-2.435871127764057
ZNF556,-2.7867331327264377
SIN3B,-2.955240925958917
NCDN,-1.9435007291373882
DENND1A,-0.702559903888047
REPIN1,-2.304067070584178
PTH,-4.004367002287426
RSU1,-1.156920881020369
GNA12,-3.9957146802027346
GNA11,-3.2998867263759997
SDHC,6.882725744797712
MUSK,-3.4732179188935146
MOCS3,2.2477161040535547
LHX3,-6.349655958688087
PTGER4,-4.935414221337025
SOX6,-1.3937804257001483
ZMYM2,-3.0953342877445733
SLC38A7,-1.330946038862528
LHB,-5.376753167661488
CXCL12,-7.240133784265998
ADRA1D,-7.304861385697404
SIRT2,-0.9365594749313716
HIP1R,-1.8821484599113893
LTC4S,-1.6322279711436183
ZIC4,-2.691692272834638
ZIC5,-2.245504243391896
ZIC1,-3.473478670518361
CCL20,-5.865644937720222
GUCY2C,-1.057235222477312
HOXB3,-3.122524130751665
HOXB7,-2.438888666360799
RNF40,-2.022001457720237
TYRO3,-1.4221021358816521
WDFY2,0.881270007669693
ASH2L,0.02631580299797893
ANKRD35,-1.7066762327853287
ANKRD39,-0.11162890126796775
NR2F6,-0.9082802849638109
CISH,-2.495019093070315
ELL2,-2.246542653757255
INHA,-5.462991297885628
CTF1,-3.363939781871249
ZNF80,-2.228138480700371
LDLR,-3.433004506624966
CYP2C9,-4.756918688227146
IL2RB,-5.6828850211574995
TPCN1,-1.73287653677374
SCARF1,-2.0743719326083423
LMO2,-3.7298025847105905
WDR81,-0.7161534639133691
ERC1,-3.0526143601024662
CBLL1,0.04599904763361272
ZMYND8,-1.6964904174588733
CASZ1,-2.844079702009466
HERPUD2,-0.8382058089704323
CDK19,-3.117477467241861
LPIN1,-1.6444024878534154
KLF7,-3.5947041556823787
KLF6,-3.9746825443244376
KLF9,-3.920234643325025
KCNAB1,-0.7735767894605716
MMP28,-1.959989783770765
POU1F1,-2.657347423918504
MAP3K11,-2.5366844834403683
MAP3K19,-3.790985015596106
IDI1,0.6444597611381451
JOSD2,0.9109183670430452
SCRT2,-1.5969494849483217
RPUSD1,2.388856980264758
RARG,-2.3025987837339805
B3GNT9,-1.0542750533727263
CACUL1,-1.0610767440689353
CDKN2B,-3.0494861723627524
CXCL1,-6.285438675728069
CDKN2D,-2.565887032661929
NEB,-2.2996472124628498
PLAGL2,-2.088124340006259
YIPF4,0.43374261820314175
CCL2,-6.487117955464564
NFATC1,-3.3678199446804493
PER3,-1.5125726527348398
FOXA3,-1.8111994196756973
FOXA2,-3.1355254429319617
EPS8L1,-3.5955486063871427
UBP1,-0.3276020942561562
GTF2IRD1,-1.230627514881366
EPAS1,-4.2200223308072164
DEPDC5,-1.6778415415534815
SLC22A5,-0.7554779336309517
ELOA,-1.3033534381660943
FLT1,-4.128003220810111
PODN,-2.3339063600133567
S1PR1,-5.6331200148718485
AAMP,1.3566048994670798
IL6R,-4.249350237993647
ASIC2,-5.974189582860984
LRRFIP2,-1.6136154316305205
ICE2,-0.41348355959400385
IRS2,-4.065385044925537
OBSCN,-2.6514320738175345
CEP57,2.2351028534128834
CYP17A1,-4.095837078876364
RGL3,-1.2826950350464519
XPR1,-1.2209761132479169
PRKCH,-5.147384175988613
PRKCD,-4.003202693295642
SOX11,-2.795295356113944
HIST1H3H,-1.3855961601756197
NRIP2,-2.0801030862576155
FKBP14,-1.7498688490263166
FKBP15,-2.2395331139285406
TBX21,-4.638799499738784
PPP4R1,-1.958799347880432
PPP1R3D,-1.1865200392812163
MAP3K3,-2.4148737719951767
MAP3K6,-2.9627350484767074
ZNF575,0.961460145064786
ZNF576,1.7877245922982388
KIAA0319L,-1.7634829475762486
CTSL,-3.8417525089358375
PASK,-1.530147963214074
OMA1,3.6447676546214542
PCYT1A,-1.0713045349431474
HIRA,-0.5071806042115936
CXCL8,-6.7003493225447865
SPEG,-2.4866538030188963
FGFR1,-3.5884971606033336
GFOD2,-0.2058512105805476
AHNAK,0.9097551711145883
AFF4,-2.4934096969198274
PDPR,3.3904349104449008
GUCA2A,-3.695361294968795
FOS,-4.046032702907529
HOMEZ,-1.3550931570644282
PLPP6,-1.0891992024860344
ST8SIA4,-3.494482710449021
ZBTB4,-3.06823115605137
PRL,-8.289915936065281
DMAC2,1.5073577902584
KRT1,-3.9290425486075997
IL1B,-6.536017297357999
KRT8,-1.9576645997444295
SIK2,-1.9537011568588192
RABEP2,-2.122513059941169
PENK,-4.6950924548384
ZIM2,-3.6582328612034427
BCL11A,-3.9177095660588597
SALL1,-2.674197820834436
SALL3,-1.7018477780054744
CD180,-4.3365242380103375
CYP1A1,-2.154130590159423
IL10,-5.868374180408422
IL11,-5.014512219442181
WNT4,-4.797052045577883
IL6,-6.7719028626587905
IL4,-6.2762900864349005
IL2,-6.168091558343192
STX17,-1.6982507068655444
HIST1H2AK,-1.0741685192386297
RUNX1T1,-4.029935398281983
ANKRD16,-0.801284236749846
TXNL4B,-0.6864165412121267
KLF13,1.0803679583926784
KLF12,-2.2348195763648953
KLF11,-1.8949912540631346
KLF17,-2.56889218419244
KLF16,-1.696161282073758
KLF15,-2.7899326274614387
SP6,-1.8464040113895779
NT5C2,-0.31967126225568054
SLC44A2,-0.9834930061817966
ANXA2,-1.516974662051831
ZBTB7A,-3.8289060008275633
SLC44A5,-0.933512315060932
ZBTB7B,-4.711021664069751
CYP2A6,-4.357900822814916
UTY,-2.5302419625395394
CDKN2C,-0.4872654524599601
AOC2,-2.5583742063251558
MFHAS1,-0.9892060928143175
INPP4A,-1.741201112081205
PHC2,-0.6707233330717876
RNASEL,-0.17422554837909016
ZNF367,-0.8730496960811688
ANKHD1-EIF4EBP3,-1.263290709577952
BRSK1,-2.510337760049508
TLR7,-4.247322431242205
ZNF213,-1.1023426820759834
NFKBIB,-1.8168057560434627
NFKBID,-2.1125250402327165
NOX5,-1.5844583702932762
NR5A2,-3.1993441687918835
DLX4,-5.229446911493265
HIST1H2BF,-1.6270409672467527
FGF9,-5.089505807200611
HIST1H2BN,-2.805016181111952
FGF4,-5.536359497625315
HIST1H2BJ,-2.2200986376568768
MISP,-2.6809053301781898
SLC25A40,1.2756267617223833
TOX2,-1.8591030145812772
JAZF1,-1.6763353110883477
RAB8A,-1.3450644866824804
SGCG,-2.446245177092531
DUSP5,-4.343443644134671
LRRC8E,-1.963888950313976
ANKS1B,-2.8573172601199928
ANKS1A,-0.7245529120578368
HEY1,-3.448820014275119
METTL9,0.8475379488572379
ACTRT1,-1.495307148923871
LEP,-5.6137210082777695
PITPNM1,-1.0661442660869045
NKX3-1,-0.6153024157189306
PITPNM2,-0.7523917929970753
TBC1D17,-1.74709791643859
SP8,-1.8775150718238194
ADAM17,-3.9256329882984207
DNASE1,-4.575370179076206
TLX3,-1.8252735089029795
UNC45B,-1.4753450289269283
ZBTB40,-2.415579775535959
ZBTB44,-2.31518376483224
BRAF,-2.167032558288532
PCSK1,-3.034521439530876
PCSK5,-2.0404792237935188
HIPK2,-3.5913033872679043
PMP22,-2.6378040608400224
ZNF683,-2.9116108398887377
MT-ATP6,4.699835778678983
PAPPA,-3.8544647384361936
MIF,-2.639315108152721
AHR,-4.8840142168174125
FDX1,5.4926422215862925
KLC4,-0.7381875714659453
MMP12,-1.2677019319765188
CDKN1C,-3.404312951867944
BAZ2A,-3.7799945709607785
EDNRB,-4.730603039877483
STX11,-1.504774369579423
APOB,-4.576969666136561
TADA2B,-1.6490056241402455
ZNF512,-0.6481532690676535
ZNF513,-1.4485264097801558
HOXC11,-4.700088831538811
HOXC10,-1.9378646935809956
VEGFB,-1.251140234713919
LHX4,-1.114000451474397
TCN2,-2.9908786168970085
ZNF358,-1.7643623695079556
AP3M2,-0.7993411290848126
COX7A1,2.20389933267559
CCDC186,-2.3668657124480417
HMBS,2.7777211156600474
HIP1,-2.579448148834707
DMPK,-2.335036716792783
STYX,-1.1902624402837068
ABTB1,-1.689908228380267
SPIB,-4.724331905040298
LTF,-2.926276544244159
AFDN,-1.7812265456455463
TP73,-2.18000360242727
LMOD1,-3.3649882442483494
GPATCH2L,-1.7163333710888045
NUBP2,4.0266979705994626
CCNA1,-2.171431941531793
VPS29,1.8062490231624253
ESYT1,-0.7770152544127246
PGR,-3.6171212618983706
CXCR4,-6.143629896076817
JAG2,-4.586181095516487
KLF10,-4.021122883716173
E2F7,-0.9755033904961885
CA9,-2.0618504029412956
E2F2,0.012452305028610009
PPP1R13B,-2.3800443055130964
MGAT4B,-0.6958270462771197
PPP1R13L,-2.568512748547455
EVA1C,-0.8332885269012962
TNRC6A,-2.4979259107298364
GATA5,-2.0499319070135344
ARHGEF2,-2.9975816944861027
CDH15,-4.039388950699067
MEF2C,-4.386564932957769
ZNF232,-0.4196798873947932
CLCF1,-2.9427561755105156
GH2,-4.39136592643851
SPRY2,-2.4973569924970156
CSF3,-6.153607154237851
PLEKHA6,-1.9212015452319966
RRAD,-2.031156575272507
ZNF691,-1.025502494840545
CEP68,-1.9653535954186605
SLC44A4,-1.8212837518077485
ATP7A,-0.25182622884074735
COPZ1,3.4020200357534285
SUV39H1,-1.560718667440473
CDC42BPB,0.016997530230859557
SHH,-4.261233418595138
EPOR,-4.9026524473489275
PLA2G15,-0.9799613227467912
NR0B1,-3.3541233164543756
ZNF503,-1.319011112519274
PCNT,-1.0882273064210906
INTS11,1.6816790001973163
INTS10,-0.38409760184409647
INTS14,0.0555779631734841
USF2,-2.042632987666623
FBXO24,-3.2031711931575724
SATB1,-3.06914742085226
STX5,-0.8540463069485276
STX6,-2.2821099790745962
SLC5A1,-3.246003551115226
RAVER1,-1.1281699099541285
ZBTB3,-1.9037202013548842
ZBTB6,-2.345360455490195
ZBTB5,-2.512373216178997
CYP21A2,-2.9403461678527463
ANKRD30BL,-1.4708796190860753
CHRM1,-4.21098950503609
ABI2,-1.7752273575886914
ROCK2,-3.1140812725616422
CYP2C19,-3.3459503073005243
MMP9,-5.893189390036285
CD209,-2.769028873136582
CLN3,3.5568635416030334
ENSA,2.8679676993908507
LRRC4,-2.0663014306326724
AQP7,-4.120464288358545
ACOT8,2.3335641703457415
ADCY2,-6.4039654013160705
KIF27,-1.687132538079706
ADCY9,-4.637587006194136
DOCK8,-2.5715335703818583
ATRAID,3.7190586634014062
MED26,-1.5246342141967493
KANSL3,-1.820593674369017
MEIS2,-2.9228645525104757
MEIS1,-4.189241068991195
PLEKHB1,-2.1070624847342825
JUP,0.29209001979215915
PARP8,-3.172605517079386
MIER1,-2.435515694464061
BTK,-1.9235729863235682
IL13RA1,-4.053481431004946
HIST1H2AH,0.2552713739653655
FGF22,-3.9050043684345987
TBX3,-2.83466268435788
ZNF32,0.4353355137494988
C18orf25,0.018187289210738967
ZHX2,-2.819725360510211
SUSD2,-1.3441418585003644
PUS10,2.00020591620966
MT-ND5,7.687247500154072
MT-ND4,7.711637539283883
ZNF785,-1.8786841115448405
FOXD2,-2.025022428477196
ATRN,-1.1253016033660213
ZDHHC7,-1.3700475980528157
ATL2,1.4827692933181615
ZNF408,-2.2245285448152803
LENG1,-1.4875713418784482
SNTB2,-1.881324129295153
MYBL1,-2.187112636291339
CORO1A,-3.082878364923431
SOD2,-0.6593450743599736
PRDM4,0.7525263446133633
PRDM5,-5.16961857369867
PTHLH,-4.663390865894683
PDXDC1,-0.7241716472849692
SLC22A1,-2.6606022839874934
PDE6D,1.695115056871985
SPOP,-2.1216272634851543
GTPBP2,-0.6787097608599086
CASP6,-1.1966277908756644
TSEN34,0.5424570171032638
NCAPH2,-0.6906390094583073
CASP2,-1.368271516762763
CASP9,1.5765721447842165
PURA,-1.1298306759870966
PORCN,1.1769207152432277
QTRT1,2.5429798930889222
GLG1,0.410496903185455
LRFN5,-2.3282228151616597
RCAN1,-1.138025503775806
ZNF222,-1.5086555096152332
ALOX5,-3.2648550619993832
COG7,-1.5576100297252797
SNAPC3,-0.19205801180581433
SNAPC2,-1.1566952492299702
TIMM10B,1.039263375768558
SNAPC4,-0.9074735239888785
SERPINB2,-3.88251422862302
TAF13,-0.9700830222222349
KLHDC3,-0.2194180877198012
AKT1S1,-1.188557143722968
ZBTB37,-1.8259214932104184
RASL11A,-1.837066954677647
HIST1H2BL,-1.371227872993245
KIF3A,-2.4408549522540173
IVL,-5.107532648966727
FNBP1,-4.441211417941498
PCDHB16,-0.3465149752113835
MPZL1,-1.668734835478052
HCFC1R1,0.0932645103616794
FGF19,-4.223939710752437
CITED2,-2.4542353758097297
CGB8,-2.418958968279268
ELL3,-0.6799537103548362
DTNA,-1.7651394411268588
CNTLN,-1.448131334666602
ZNF524,-1.1006402295186373
GTPBP1,-1.6769772435529555
DCAF11,1.5768760600024492
DCAF17,1.1712768013791544
DSCAM,-5.180496514688108
FEZF1,-1.3453231257982656
FEZF2,-3.2421610550189186
SLC35E1,-0.2106436082406654
DAPK3,-2.81768943394089
EIPR1,2.0176456445707234
KCNJ11,-1.4693780399964689
ULK4,-3.728228131261923
KCNJ14,-3.0082581164328395
POU4F1,-3.706612402310115
RNLS,3.774261686662275
PTPRJ,-3.693244439349338
PGAP1,-1.9980483397131379
ZFY,-1.761063726988299
ANKRD23,-1.677748150511138
MANF,0.12583986966713287
IRAK1,-0.6606454716465255
ZFYVE21,-0.6122756583115196
GATA4,-3.810078719449209
CCND2,-4.375990567748308
SNAP29,1.566696229096299
ATF7IP2,-0.9708150490417522
PRR14,-1.9203247323205033
CSRP3,-3.7870747920572825
RASL10A,-2.0713493781967336
ACVR1B,-4.186096092384329
PANK3,-0.014033920528150312
PDLIM2,-1.9466231128518436
SCGN,-3.472911732775386
RPRD2,-1.0445517128412312
TNK1,-4.01798231275731
TFAP4,-1.6547169179171226
KRT16,-3.0794618345391345
ABCB10,1.9443041354138284
PRDM1,-3.543565556835519
HES1,-2.7786650479412525
KRT19,-3.0153149870885376
KRT18,-2.3614776109188025
KLHL24,-2.7301503223781824
CAPNS1,2.4406987203113184
TLE3,-1.924246896878449
PAG1,-1.9983574446250598
KLHL28,-1.897547801931226
TLE4,-2.90836940359628
TAF10,2.312727505665223
HIST1H2BK,-2.4287306555501087
TLR8,-3.7768372803985546
ZNF212,-1.3940079655474786
RXRA,-3.1430936909963565
RXRB,-2.8753493226647375
GLO1,3.745831800389725
BCLAF3,-1.4456745697474704
NTS,-4.051663398722979
IGSF3,-2.537432672405581
MITF,-4.471473839463142
MYOG,-1.3936298155123958
ZNF646,-2.83833083935835
HSD17B1,-1.7872908616393601
ZNF644,-2.335104725538751
HSD17B4,1.719431288750566
SLC37A1,-1.316398835100508
BACE1,-2.843497735245519
KIF13A,-2.068710474456822
ZNF467,-3.7491438116028792
ZFPM2,-3.8190994536905674
PKP3,-2.5117788413480935
EGF,-4.11757240245988
SLC25A10,3.6117978919734575
SLC12A4,-2.882431134100658
EXT1,-3.2487881576891917
CNOT3,-0.868254766562712
ARID1A,-2.882685776269137
ZNF280A,-5.847872521655104
YIPF1,-0.25413156088924443
CNOT4,-3.1153262958937207
TYR,-4.464611563418245
STAR,-1.8749325602430746
ALG1,-0.23174704251070224
ARL4A,-2.1619492257476067
SLC11A2,-1.5140751422192311
GCC1,-2.0778122278677533
SMYD4,-1.678950408719963
IRF1,-4.318058586035048
PCNX1,-2.8300247244188546
CD99,-0.8008057669230921
MAOB,-1.242036326708527
MAOA,-0.3344293426157551
SNX27,-2.1540111529504853
HDAC7,-1.9645221857748791
CASP7,-2.73719675880845
ZBTB10,-2.721253773200314
SNCAIP,-2.572902492848136
TRAPPC12,1.130264861861207
CNOT9,-0.05826940451242517
ASCL2,-2.444141576651621
OMG,-5.435618954628478
KIF1A,-3.997285773421861
KIF1B,-0.9404628195676183
NEU1,0.29283389439355934
SOX8,-2.265605535291078
RPRD1B,-0.9601120650576453
SOX5,-3.0560633158539483
SERTAD3,1.226336623516782
BIK,-1.3764816789086958
RAD54B,-0.7095663185380838
CEBPD,-4.64950934113973
PITPNA,-0.722752232294989
MED14,-2.3046186377875735
ABCB6,-0.17551513936880717
LMAN2L,-0.5177639697505445
INTS3,-1.303379234658329
INTS2,-0.6757914077259038
INTS7,-0.8378531724428783
NOTCH4,-3.9870336022741664
PPM1N,-1.6338698016946693
HSF1,-0.9980646783244154
CASP8AP2,-0.8438414690963872
ZNF384,-2.2605264061735677
LINGO1,-2.0350223343737084
BHLHE41,-1.7791456842360862
GADD45B,-3.772662269377594
CETP,-3.4530836798560913
SLC25A28,1.6939905260882113
MAN1A2,-2.3278452581797193
KIT,-2.8256385871165244
MYT1,-3.0681946518958374
ZNF274,-2.4918659757442287
LRTM1,-3.4370057484520067
SDHAF2,3.4882083365932712
GBP1,-4.025090685963143
CYP19A1,-3.082091765784819
RPAP2,-0.959532058976602
INSM1,-2.986693828970882
STRN,-2.348474354082716
EGLN2,-0.24445157162320166
TFDP2,-0.031110742305025706
CADPS2,-2.6835543516409954
CCDC14,-1.1906704430392647
APH1A,-1.6290809500257668
STAT2,-3.708019572373169
CD83,-4.407429718399265
CHRNB4,-3.8427939104651307
HBEGF,-5.193344728146789
MARK1,-2.793376277827207
FOSL2,-3.682715489570238
CYP7A1,-1.8346106515126015
PWWP2A,-1.694136245914749
DYRK1B,-2.9058096444401853
NEAT1,-1.5637291702016873
ISOC2,2.4234756279757863
GNAT2,-2.001672369770007
ZZEF1,-1.3424460621504906
PDE4D,-3.3253533591001254
STIM1,-1.4576245804863386
MAP4K4,-3.5174604428102136
WT1,-3.427953970774548
LIMK2,-0.5331196317675096
WASL,-3.2069055268195026
TEAD3,-2.503524013579123
TEAD1,-2.183973600730906
TEAD4,-1.216609500040223
PTPN21,-3.0685142245024086
ESRRG,-1.563762339727232
HSPB3,-2.287031655435519
OPRK1,-6.478403647942032
ZNF710,-2.233044565996073
ZNF711,-0.03627926363021318
DHCR7,1.0178568587759083
CASP10,-4.490773325347062
BDNF,-5.561244404588456
ZNF76,-1.4730544642245829
ZNF668,-1.1328764507432065
MSRB1,1.1105281138184675
RSPRY1,0.7955436820067794
HELZ2,-0.46934781137128934
GIPC1,-1.9329121770354538
ZKSCAN4,-0.2565762876317215
PDGFC,-3.274803273238149
BET1L,-1.5676974232681913
TAF8,-0.9402323932190234
DDAH2,-1.9746303005967614
RTN4RL1,-2.0035395827942106
DDIAS,0.2565923235691242
IKZF2,-2.9885938492678292
CGN,-1.3398184677760145
HMGA2,-3.4450820731844822
ID2,-3.772393479537385
SREBF1,-1.5787499217908374
TADA3,0.31198764203171603
ARL4D,-2.5499208555399826
FSHB,-6.439413145336529
GLI4,-1.105149293405484
LUZP1,-2.2818678295274584
ARMC5,-0.6054835060524156
NFIC,-2.6966517526937137
NFIB,-3.2455543886156293
CD163,-4.711499055884821
KDM8,-0.8135382913911747
NFIX,-2.981810893485567
MCCC1,3.8840808882007636
TMEM80,-0.027584412634808413
ZNF830,0.603372843653784
FKTN,-1.0896911242508391
TSC1,-2.57744060731689
PIN4,2.6448767460226548
RCBTB2,-1.0830102011869545
SYNJ2BP,4.090194629959456
NUDT6,3.2599393467559103
TJP2,-2.7956356387598134
ERCC8,0.5416620800505425
UVSSA,0.5988616919611962
NSMCE4A,1.7441315973833713
DVL3,-2.599579927525983
BDH2,0.9040712729527178
ZNF518A,-1.2479953332944405
LOC107984056,-0.4095149792112427
GNPAT,2.6117889837917376
DCTD,2.312798116933754
HSPB11,2.508664384167783
PARP3,1.5277325800328736
POLE4,3.065985004332971
LIPT1,2.1949123831135795
CEP164,-1.5534453859084134
PPCDC,2.5570765626777066
SLC38A2,-2.1598847111786825
MLLT3,-2.4247114528911826
ARID3A,1.0255927317511986
MLH3,2.2992568319918925
LYRM1,2.9136678776562763
ABITRAM,0.45263620868312204
PMS2,0.3823123325524993
BCHE,-2.490616494647908
ABHD10,3.729308755394005
MUTYH,-0.7899861998346313
SPHAR,0.5462856752949611
HUS1,-0.11049935082015493
POLD3,0.7619100992570869
PDCD4,-0.9685848902919437
SETMAR,-0.98665003471108
IFNA1,-4.855235291753602
DDX58,-1.961276504614287
PCSK7,-2.6691175727681618
PCSK4,-3.171566798290029
METTL18,2.266678605137076
NPRL2,-0.47758231278402064
MBTD1,-2.2631919126132787
TCF19,-0.9833030243646459
ETAA1,0.21687252445259925
TMEM267,-0.9076299273223386
ZNF341,-1.1097274924537195
BICD2,-2.2587519195803902
ITGAD,-2.9618524534849238
GOLPH3L,0.30329034509064096
PELI1,-3.1675411164431555
LMO4,-2.3781425216824323
ABCA2,-2.783296814056904
JRKL,-1.0373109482694378
HSD17B2,-1.9529581393431896
ITGB8,-3.556329245422945
MAP3K12,-2.366053405746864
ITLN1,-1.5810862375076469
CBR4,2.7210721021755857
FUT8,-1.5736257621478715
CHI3L1,-3.5232572340718935
MDM1,-1.6605426472630176
WNT10A,-4.061228575979898
MIPEP,4.658631521787173
PTAR1,-1.6956972637539771
FCHSD2,0.4034440039972197
CASD1,-0.1894403679625429
DPYSL2,-2.0870177342968197
IRF2,-4.159747326236556
CIB3,-1.9461107975782366
MTO1,14.030494081430026
BPI,-2.6306007647754743
SLC20A1,-1.9165138104444353
BCKDHA,3.3687324754705097
AGER,-3.310763635753053
CHSY1,-2.713568938363882
MAP3K4,-2.2398279102489616
PRPSAP2,3.332420112002455
LRRC1,-1.7971471337499487
PTGS2,5.636485489835495
ADCY7,-6.101820158867618
MYCBP,2.4138854956618814
MSANTD2,-2.825396024112909
UNC119B,-0.26165518744827687
AFF1,-2.912289975620304
UBXN2B,-0.726925699804833
SPANXN2,-0.9343411510622606
SEC14L1,-0.7365536417860034
ADAMTS12,-4.252595345683204
ING3,-2.520648108104551
DBR1,0.31095007416830767
MEMO1,1.493166740803506
LRRN3,-3.120413643643616
NMI,0.660802181049516
ANKRD10,-3.2635750913062043
TSC22D2,-2.747666191911542
LRRC8B,-1.7155991457328672
GGNBP2,-1.0869766686780173
PARG,1.1140274915132045
MTM1,-1.3615315386430196
SPAG1,-1.8995865109186794
HHEX,-2.6936634545689127
ULBP3,-1.659289750593076
SAMD8,-0.9805157924899623
MTFR1,1.0106858185467007
BTG1,-3.18932780808298
GABPAP,-1.4365263277467182
ASTE1,-0.9430890318244559
AUTS2,-2.5720107875507123
RMI1,2.3473294040898467
DNASE2,1.2685116071418858
SGCZ,0.23230719800844077
BMF,-1.5266770917763932
SNRK,-3.8616498554960423
FOXN3,-3.117194674099537
RANGRF,2.2297323296065477
TTI2,-0.1570951100621848
URM1,2.332419185503956
NDUFA9,8.124441577358175
MPV17,15.66414541903304
NCAPD3,0.5091560226097562
CIZ1,-0.5500585713135252
EMC8,4.993581155810076
ASPM,0.4325039988427698
TBCB,3.61937944748111
HMGB3,-1.1221805883755922
ZFP36L2,-2.405952848591595
CDCA4,0.5932851487784362
COBLL1,-1.6676851532250665
TLN2,-3.0287806058754936
TMEM100,-1.7851963902830321
UFD1,4.69068722883435
FGG,-2.675425648443571
PHLDB2,-1.1457656011909332
HSD17B10,6.872105400372937
CBX8,-1.2168889816077961
FANCI,-0.25605357806838064
JPT2,0.9959966452743284
ENDOG,4.740912925999568
AICDA,0.7853845998051131
POLR3K,3.113820611443917
NSFL1C,-0.312919402259634
DNAJC21,3.118558470182727
PDCL3,0.8441398374860289
PRKAB1,-0.4579451179401127
GINS2,0.5126721535655785
MARCKSL1,-1.2239681982746664
PTP4A3,-2.7026156360284066
ADRB2,-1.8905609021539729
PALB2,0.38498992606557925
SOX2,-4.31818782709276
RBMS2,-1.0419123036451974
PEX14,0.04801220011617657
NLRP6,-1.812234420206155
FAM83D,-0.9295623466295578
MTPN,0.18665652128194893
MPPED2,-2.008069121169836
NDUFS6,14.506648204370057
CKAP2,-0.6686849886445224
TMEM109,0.8988027585357679
CENPW,1.3277985636212761
TRMT12,2.207851038009673
EVI5,-2.286965426687176
COG2,-0.09593617110596298
KLHL7,1.6334248332584236
TROAP,0.8718121047562903
H2AFJ,-0.4777993634151703
NPLOC4,-0.794470878393796
HSPA12B,-0.7530923714676908
HSPA12A,-0.6471591284854493
TBRG4,2.240989191758422
AIRE,-2.2760800064764046
BCAP31,2.2751462270302087
STOML2,6.963817834128208
PSMB9,-2.1094478102198595
PSMB7,4.263013960864723
PSMB2,3.7042515572905335
ZC3HC1,2.17061073380261
PLS3,-1.670156440599194
AP5Z1,-1.0295062382502087
BICD1,-1.8363796554619454
PLPPR3,-1.8572637519687396
NDUFB9,6.544266472490337
DYNLL2,-1.0673793774029883
SERPINC1,-3.2416035858559984
GADD45G,-1.598887887469282
CCDC13,-1.6170343189283136
ZNF648,-1.3840278138504811
KIF5C,-2.0931934641629737
GABRG3,-4.469853014291779
GABRG1,-2.254455193388993
CCDC113,-1.3159061924334876
ZNF124,-1.3268697792238489
GPRASP2,-0.17277429231934155
GABRA6,-3.7204980605338243
CPA1,-1.6854217933440139
ING5,-1.696496904882362
C7orf25,4.0110410847766005
DNAH7,-5.15930121626569
DNAH5,-1.1516621760127892
DNAH8,-1.9499412159404776
GABRP,-3.205006783586794
MSGN1,-1.386605517003143
GABRE,-1.9650123979225216
CNRIP1,-1.1848946423190276
DEFB1,-1.6602637865938639
AHI1,-1.8186358924015726
TRPC3,-3.987641774198933
GABRA4,-3.665802993097911
GABRA3,-4.305674517012516
GABRA2,-3.4085878764665876
DYNC2H1,-0.8862271205158583
GABRG2,-4.8881860360794835
PDCD7,-0.2127964383219933
PFDN1,2.2148154193950824
DNAH3,-3.6703629100567245
COL9A2,-3.3460847843394244
CEP126,-0.725237573726456
NEUROD1,-4.253288309726221
NTN1,-4.686653818217107
ZMAT2,-0.4974453769988837
GABRQ,-4.249437014031892
C1orf216,-0.9420474261159302
NTF3,-4.603592628015802
TAF6L,-2.126666137513244
NAP1L5,-0.7115801079993254
TGFA,-3.851038165402407
DNAI2,-2.963462675179595
DNAL4,-0.9671651347891468
RHPN1,1.0380489747694983
LZTS1,-3.2998521890729045
MMP7,-4.280847775609882
PPP1R18,0.017588864838324204
ZIC3,-4.3488528665442665
FOXK2,-1.5829982698742018
DNAAF3,-0.8138708238270904
SORL1,-3.664550362992179
PP2D1,-2.9283350185294457
NCALD,-0.9618138750945364
CCZ1B,-1.4060838405736518
SPHK1,-1.0678651305222222
GFI1,-3.4110313190578108
ACTRT2,-3.2751991067312347
HOXA2,-2.713140684812756
MON1A,-0.09395612942679027
RMC1,-0.6082224985483489
HIF3A,-4.3799921277622795
JPH1,1.4061763078804757
VRTN,-2.504882549999687
PCDH11Y,-3.041216060827911
LRRTM2,-2.881129344445088
PPP2R2B,-2.7616106838484242
ENC1,-2.167238505449975
ZNF770,-1.6875090782489333
RASL10B,1.5622641792025547
RIT2,-3.7420953743599266
KSR1,-1.77060060382882
KCNQ2,-4.620926469804016
RPS6KA6,-4.030838530394919
DNAJC4,-2.7741916060819465
TMEM74B,-2.9075486318207253
ZSWIM1,-2.8437806601517073
TCEA2,-1.714537911407106
ETV3,-5.431741740339964
ZMYM3,-2.2221944757750456
PDE1B,-3.592148939325795
OR3A3,-5.109677563192472
LRRC7,-1.5170896275262062
SCN8A,-5.390819222592419
AP3B2,-4.248060417588004
ROS1,-4.918655959818849
WNT10B,-5.5125508911857
CDH4,-5.547574806484797
GDAP1L1,-1.6937397359772401
PRRG3,-2.8227683880516756
PKDREJ,-0.4151600462795368
BMX,-2.127354534546907
DPYSL4,0.989619384369999
TEK,-3.7141371039401916
PPP1R14D,-4.215955402560989
SARDH,0.42447768833590255
OR1D2,-5.283617709558115
NEURL1,-5.020587517918192
FANCC,-2.906019824826522
TGFBR3,-3.575181377639187
RIT1,-3.028956429441402
MERTK,-1.837753427498698
TM6SF2,-2.962870556792614
NPAP1,-3.9776653556733472
OR10H2,-4.10345694116795
SLC22A13,-5.687846825138611
AGRN,-3.3167331215250737
ZMAT4,-2.290091042337649
CNIH2,-1.0729409581192724
CHRM2,-6.517419359805426
CPLX2,-3.000023960907556
TLX1,-4.3569957653604385
KRT38,-4.765209064809882
OR10C1,-4.87848720508507
MAP3K9,-2.111732140540512
SFTPB,-5.147196027670424
STYK1,-1.0193515860985038
DCC,-4.467350689387151
HRH3,-5.666337508642877
HOXD9,-3.8032852279369274
BRD3,-3.243704945230535
LRTM2,-2.413527526222385
ARHGEF4,-3.758680891565879
ACTL8,-4.369290471414924
SEPT3,-1.8678622475328261
TNRC18,-0.9827434670775131
TSHZ2,-2.0643507880666627
ST8SIA2,-3.9452057051969236
ATP6V1G2,-2.9134705996422077
MAGEC3,-2.370069356211724
DNAAF2,1.9674386709797225
CBLN1,-3.269477853937389
EPB41L5,-2.025070770260711
CCDC33,-1.3110505116502875
KCNH3,-2.15925693496292
OR1F1,-5.642622842697322
HLA-DOA,-5.514571147254185
HLCS,3.373159662946898
CDH18,-4.7342642859997355
NCKIPSD,-5.938792994022137
MINK1,-2.652708540919865
PRICKLE3,-1.518737915668943
NAP1L2,0.32192765371597665
RGS7,-3.9753828480663365
KCNS1,-4.462270557005279
CNMD,-5.756456649547458
CYP2A7,-5.356211110592344
FXYD7,-3.4440906887894203
TTC7A,-0.8347974350767928
NDST3,-2.573270777526071
SCAMP5,-1.7993378537088995
BRINP1,-3.3265043002495496
CALN1,-2.179512090141877
KCTD17,-1.7785007961103994
ZKSCAN3,-4.265495314583323
EXD3,0.020641239875771485
DCLK1,-2.6153500753645096
OAS3,-2.463572628812663
BTBD17,-0.6231920303180863
BEX1,-2.4591909495211053
CPA2,-6.392480974854714
LZTS3,-1.8304725547678387
PLPPR1,-3.6653682042803073
WFDC8,-0.524932234865458
KIF3C,-3.497589822738352
OR7C2,-4.444310939334873
HECW1,-4.531027847854475
CLDN10,-4.102920889646887
CNKSR2,-3.2658173022163397
UNC13A,-2.001525556746739
KCNB2,-5.072578348827652
KHDRBS2,-3.2726846866024593
ATCAY,-1.9073571693889342
ZNF483,-1.3216780843896014
IFNA5,-5.26124264357304
NNAT,-3.663884360278367
OCLM,-3.7806842783304204
MEPE,-2.8874939759618488
FAM155B,-2.6832475622021885
DGKB,0.030249740187781975
BEX2,-0.06283876044264794
SHOX,-5.291050502596395
GPC4,-3.615226151720121
MYNN,0.02919081105709016
KLHDC8A,-0.3801861997881054
CCDC189,-1.3788130927138607
SCGB1D2,-1.8498386925711854
SPPL3,-0.3983999356857131
SLC2A12,1.7274083213608993
SLC18A1,0.18295491332890046
HM13,-0.5556623864860024
TPRA1,-0.5160678435180963
SLC6A15,-2.24113472261552
SLC39A8,-0.8247509256115451
SPPL2C,-0.8804868213003074
SLC15A1,-0.21917805503471374
CHRND,-5.464271178799032
YIPF3,2.9825295042056017
SPPL2B,2.083588764738457
GOLIM4,-0.6713055059258122
SSPN,-3.244851276864604
RAET1E,-1.9212234266763162
MRAP2,-1.314440764169762
FCHO2,-2.8275516957383995
PARD6B,-0.8839255546374803
RAB5C,1.295501074093157
COG3,-1.8537015754262445
EXTL2,0.34084881072353473
COG6,-1.7707299214233008
COG4,1.0195840939250926
NFAT5,-2.4265787798092378
ROBO1,-2.9673644045607355
PPFIBP1,-1.9677747488738886
AP4S1,-1.1376221313550579
HAUS7,-0.5348965838934072
SURF4,0.15973976713424282
EME1,-1.1378824434042665
GOSR2,1.442132633350274
SLC39A4,1.1213451764614644
DSG2,-1.7793717718988133
YKT6,-0.039853296076026445
GOLM1,0.5959777773167204
POMK,-0.8502522722771575
TACC1,-2.9679064655254734
UST,-0.37733898719938097
TRDN,-1.056063379180748
C5orf24,-0.8599412471176696
KCNS3,-1.6972335196714525
FCGRT,-0.9690876468979185
COG1,-1.4729193378772834
ACBD5,1.1604615943959002
AP4E1,-1.219238180493545
BATF3,-2.163163982261668
PON2,-1.5266968352879107
FUT1,0.7137698398217486
OPA3,3.33125457873393
PHYHIPL,1.2760431184209415
TNFRSF17,-2.6526466563605697
PCDHGB1,-1.3355113513958423
PCDHGB4,-1.7040529283564616
HSD17B6,-1.5121729855815982
HAO1,0.756583537259212
TIMM23,4.226898361637792
VPS8,-1.0100701930408127
NAPG,-1.087717925560591
METTL14,-0.6671429989987501
ARHGAP17,-1.8243786827576247
MX1,-2.1977162480805337
MED11,-0.45038281226384264
DYNC2LI1,0.6259716253867306
SENP5,-0.264079142268137
EPS15L1,-2.5748795567343086
OTUD3,-0.6264045155784983
MX2,-2.8656714687825473
IFT88,-1.9366250675107322
NCLN,-0.3819897091239219
SUPV3L1,4.480913080889306
TBCCD1,-0.12363909249318657
RINT1,0.9453383792300671
YEATS4,0.30916772525226816
FAM122B,-0.8146262238863979
MED8,-1.0876161097144728
HCCS,5.940747464396689
MLLT11,-1.4258059990829353
TBC1D31,-0.34038418231644496
COX15,11.117371619618751
FASTKD1,3.526726572269299
TRIT1,14.082839224922202
RABL3,0.6501426184872693
MED10,-1.3150358080659754
SCN2B,-2.3144147476916483
NR4A2,-2.9429758353336437
MFF,0.8031792414191807
MED18,-1.2614472221761583
INPP5F,-0.9295417415909965
INSYN2A,-0.3182056239020053
TTC19,12.265637656784188
ZBTB24,-0.3496439337017515
MED29,-1.3074960783857377
MED20,-0.9886167870738624
MED9,-1.4744331813091847
MED27,-0.3238865694369381
TIMM8A,3.8189383529658656
FAM174A,0.038217605507502764
MARK4,-2.271943749289445
ATL1,-1.5313077074328658
ACTR3B,-1.1606937983955508
GTPBP6,2.3845512400407567
GTPBP8,2.6407339309845286
COQ9,9.79057800135588
ACYP1,2.968848598536984
TMA16,2.827672030147372
NIT2,5.412977206534081
MED30,-1.1871859988901972
MED31,-2.0739665250631845
EHD4,-1.3024455908668262
EHD3,-1.2003916788870177
SACS,-0.24692673645512006
PEX11B,2.8720590878916106
KCTD9,-0.04206224069441583
VPS13A,-1.2514118965873458
TXNDC16,1.942105389766937
MIEF1,0.9702870535287705
LOC100996763,-1.4543249279474297
LIN7A,-1.7354952468657798
ADCK5,1.7707849642128841
MYPOP,-1.3771410253449714
KRTAP9-4,-1.381561020074602
KRTAP26-1,-1.4375791727131637
RPS19BP1,3.27820311903041
FAM124B,1.3048033757945798
SEMA4C,-1.835927798568641
LMNTD2,-0.8830283062196005
LYVE1,-3.111125871674634
SMOC1,-1.4817942126173778
DGCR6,1.4934594703928004
XCL2,-4.752765547942928
CXCL16,-4.9677663149477524
AQP1,-2.6865266877926404
CNNM3,-2.1045958401792713
KRTAP3-1,-1.6980294376186953
STAC,-2.434193520128247
TNIP3,0.4170569401192916
INO80B-WBP1,-1.1599627622811652
NMU,-2.6611397646841546
TSPAN4,-0.5860780691125013
TNS2,-2.9073669007339284
KLK8,-4.148909836989859
CXCL5,-4.9862072691077515
GLRX3,2.465798658658652
CARHSP1,0.6961372526348497
ZNF446,-1.8917148631358953
CRY2,-0.01786089732361952
C19orf57,-3.3814845380496874
KRTAP13-3,-1.1474449731108372
KRTAP10-8,-1.7173353144598578
LCE3D,-1.9375232245776477
LCE2D,-1.4996291143776321
KRTAP10-1,-2.004058416015495
SPINK2,-0.7056447392374878
MAP11,-0.7098894116176276
DHRS1,0.35856739316568403
CRACR2A,-1.1421196373859344
DGKQ,-1.0705227781465223
FAM221A,-0.4737250226846231
TMEM150A,-0.9637510797378018
DMRT3,0.4971272774516533
PCED1A,-1.3687817332644294
RASD1,-2.2778281507696696
PCED1B,-2.3031201600384863
DOCK2,-4.410534826361373
LRFN4,-1.3747568892922246
FZD10,-4.337781344115301
HSBP1,4.0550725441052755
LCE1D,-1.5351068899473883
LCE1E,-1.651300146018715
LCE1B,-1.7864343549151536
SELENOM,-0.6706017640047413
ATG9A,-1.37635408396508
KRTAP9-2,-1.6225334091373529
KRTAP9-3,-1.6824269994399526
KRTAP4-5,-1.5358163727042418
KRTAP4-4,-1.606242570917645
FAM71C,-3.230256026017836
CHRD,-3.3466207634536365
CDK5R1,-2.2535758993086863
ALDH16A1,1.5501871870861244
CLDN2,-1.460612791585009
LOC100996750,-1.4935269176623829
NPPB,-3.880370593692981
CCER1,-3.0443681333720205
HOXB9,-2.432510974451033
GFOD1,-0.7747393545863932
MFSD13A,-1.199606807242471
KRTAP4-11,-1.3462646707783348
KRTAP10-11,-1.620463297310645
KRTAP10-10,-1.748171947900874
PID1,-2.045690308914778
KLHL38,-1.202335804637039
F10,-3.87802599464322
TRIM42,-2.1729016145444184
CRCT1,-2.209035475640756
ZDHHC1,-1.3454665976081248
TNK2,-3.075705649174597
TCAF1,-1.6258739297750242
TNP2,-3.982973799607828
KRTAP12-4,-1.708754520410723
TMEFF2,-1.6539448392895886
ADAMTSL5,-2.081273318482098
KRTAP10-9,-1.1289790505561026
NPBWR2,-4.049247897637388
LCE3E,-1.4967452064780453
PLPP2,0.9437093519697737
PRR35,0.7447686809545865
FARS2,16.46163941822212
NPDC1,-1.6066085618903652
CTSZ,-1.8074367447087227
LCE3A,-1.5313486894947177
RECK,-2.710062323589262
LCE2B,-1.8872589910225082
OLFM2,3.056246661406098
FTHL17,-2.2355344415652336
OTX1,-2.2645294688314754
ZNF837,-1.7267220158982
CHDH,2.4518590015995776
CLEC18A,-1.1602579133203692
MXD3,-1.3305714350593054
KRTAP4-12,-1.9183582862719923
KRTAP5-5,-1.4873154036687728
PVR,-2.5828213330150964
SLC22A23,-1.0133768316712544
POMGNT2,-0.9274804431198252
KRT83,-4.84315449287194
CST9L,-3.3027060710100784
LCE3C,-1.5889292415874126
NECTIN3,-2.444404276036316
WDR25,-0.9935879389872208
CST2,0.5299932597203254
CELF5,-0.7198873374518733
KRTAP12-1,-1.582126726682659
KRTAP5-11,-1.4236193378535535
LONRF3,-1.9554741561716809
KRTAP5-7,-1.2465546768772295
KRTAP2-3,-1.7595212876716688
FAM71E2,-2.7645148989530366
C11orf87,-2.679215737677558
LCE2C,-1.6139701130754422
TRPV6,-2.4514544380096677
ASPSCR1,0.5238063049174715
KRTAP9-8,-1.147373152839624
PDE9A,-1.4522154890860126
SLC23A2,-1.6912990833138182
NTM,0.046172149548643
KRTAP4-2,-1.6408191561693024
HOXA1,0.018103975827528648
MELTF,-2.488979874235245
NEU2,-0.26354475380808895
KRTAP5-4,-1.4376574145183096
GNMT,1.9750030685503637
LOC102724770,-1.5050329453756066
SPATA24,-1.8356887951253664
CA6,-3.034273868350662
GNE,0.46785043044906854
PLEKHN1,-1.7319599112774209
P2RX7,-1.9767693115710026
FAM90A1,-2.12555219809723
PRPS2,2.795046054686945
TYMSOS,-1.2899251856007525
TMEM41A,0.28222942793587463
KCTD15,-0.8362579497807405
LCE5A,-1.7270478128809843
CATSPER1,-2.4279644938972114
THEMIS2,-4.444310264424975
HBA1,3.023892102478804
KCNS2,-1.8774969350999455
FA2H,-0.10207920835438442
TTPA,-4.42921437201395
C19orf66,-2.4868966918913173
TNFAIP8L2-SCNM1,-1.3682038793129423
KRTAP13-4,-1.4651389094662657
PIGS,0.9298735564004927
ICAM4,-2.071708140331076
RAMP3,-5.9399543397059595
KRTAP13-2,-0.7988293522269051
TMEM231,-1.405876646699117
CTSG,-3.47865623517168
P2RY6,-4.174631291562482
BCL6B,-2.544277925577257
NMUR2,-4.697998666778732
SLC6A20,-2.094997001902635
C5orf60,-1.4968743406966374
THAP7,0.6687330855259555
KRTAP12-3,-1.952787499711428
RGL2,-1.7402616702843736
CERK,-1.2391786835093364
SPATS1,-3.0457247783796464
CHRNG,-3.2941756426275215
TBC1D10C,-1.7353754034211262
PCOTH,2.6557773379925727
RERGL,-1.8407912598162253
ARHGEF16,-3.788649742014773
ALS2CL,-4.527055196336665
LMTK2,-1.8921276264018922
DIRAS1,-2.110439243259618
DIRAS3,-2.4162924607487812
MAU2,-1.849907383313288
CCDC57,-1.6448082188848117
HOXB1,-5.827578541685908
ZFP36L1,-3.064593886514199
ARL5C,-1.3004189326747513
MYH13,-3.239594287671299
TSC2,-1.2516590547511295
NAT8,-1.679419394940612
SH2B1,-2.648617941583291
PQLC2,-2.423478901995511
BPIFA1,-3.2062269831894064
ABCA3,-1.754035462440167
NPC1L1,-3.0237676920280396
ARL10,-1.5304246001229314
C1orf61,-5.070435487996306
BICDL1,-3.1922670516061418
GJB3,-6.284875461005744
RDH5,-1.610848708281933
DEFA6,-3.465536892411323
SLC25A23,-1.5075731133535393
NMUR1,-5.745881158030642
RAB23,-1.7298337793381013
RAB25,0.5813576985623543
RAB26,-2.26285769717511
LMAN1L,-2.7369812017167163
ASB3,-0.8475469846957339
GNG13,-3.9242973728139385
ARRDC1,-1.3143148468026038
RFX2,-2.369523328704317
YIPF2,-0.833741811094734
WNT7B,-4.290019726737038
MASP1,-4.24974982204898
MRTFA,-2.517342890478914
PHKG1,-3.6069124511286934
MRAS,-0.9913156781418732
GJA3,-3.7281834319513463
ITIH1,-4.2348392286234695
DIRAS2,-1.8421223438532932
CRYBG2,-1.3820607938318819
RAB19,-1.2347273093379076
WDR24,-0.8593553796754186
RAB17,-1.7757729609086483
TRIM66,-0.5136062449468763
CNNM2,-2.537097558903358
LPAR2,-5.0364740045654415
RCE1,-1.5966065224279709
AGRP,-4.540718566223223
MEGF6,-3.285222444113534
RERG,-2.376835773106657
ARHGAP35,-2.3229846983175473
EML2,-1.9491321079064758
PARD6A,0.5044926065311366
BICDL2,-0.5358255087170305
RFNG,-1.7241754672732799
SMPDL3B,-1.173049328204816
INPP5J,-2.0914763367797757
LZTR1,-2.127483822594969
C16orf70,-2.3459104724300035
CC2D1A,-0.8946898758607832
ARHGAP1,-2.4570387517676293
MAML3,-2.3834407603931993
AC099811.2,-1.082560894737944
SULT2B1,-4.303160187543472
FAAP100,-0.42586094112425016
POFUT2,-2.474296337923791
LY6D,-3.8165986807866776
GPR68,-4.765054594173195
RAB9B,-1.6354488205187325
WNT6,-6.744826749215164
ZMYND10,-4.556205393629868
SPATA2L,-0.9522926650522379
FXYD3,-4.195442913189173
MAFK,-2.4558185537186565
S100A11P1,-3.0813612611786856
CHML,-0.2953208765380024
SPAG11A,-2.7928392269164117
GRTP1,-1.496160763551431
RASD2,-1.787241495717365
NEUROG2,-2.9022825948912363
RASL11B,-3.6413798415125673
ZNF821,-1.4239812791123907
WFDC2,-4.315872817466522
IVD,2.243622782393912
TBC1D2,-1.803527273318649
CTRB2,-5.08988236985049
WDR90,-1.2434097532537127
RAB39A,-1.2997315396705222
TFF2,-4.241727042431608
RAB36,-2.1563317634933337
RAB32,-0.288109570795303
RAB30,2.4543640534354916
RAB38,-1.2617419664583787
ZFPL1,0.20468498608107802
ATP9A,-1.177761518454943
GPM6B,-2.131172577590239
MYRF,0.27077621454521694
TSPAN6,-1.393985213159737
RAB27B,-1.27158615352007
KIAA0930,-1.3615462347438143
GPRC5B,-1.6692792856563172
WFDC1,-2.269465082340349
DDR1,-3.714771510789115
GPD1L,1.860571746468306
TRIM2,-2.5071478259515807
DGCR2,-1.5934674003362101
SEC14L5,-5.161460162485909
DNER,-1.6840675519280464
EPB41L1,-0.9252937033758849
QDPR,0.868051734215852
RAB33A,-2.063999563878968
TBCD,-1.0130354696456805
COBL,-1.9499739483137861
RAB37,-0.9782901247337691
BAIAP2,-3.5917759456640033
RAB4B-EGLN2,-0.8563642389716133
F3,-5.375503904666209
PRG2,-3.6478650745271683
FN3KRP,3.4493425943995484
CLMN,-1.7003547649040174
LYRM7,10.147994035075333
IQCC,-0.5914138672940512
SEC31B,-0.8964983833489433
EXOC3L4,-0.3100183601668479
VSX1,-4.456434506196318
TBC1D30,-1.7161571788931547
INPP5B,-1.3547658555639008
PIP5K1B,-3.3748803665493896
ALDH1A1,0.5730978432485726
KRTAP21-2,-1.217590708211741
KRTAP20-2,-1.217590708211741
KRTAP20-3,-1.194715682596661
KRTAP20-1,-1.217590708211741
KRTAP22-1,-1.2175907082117408
KRTAP19-2,-1.239588827758894
KRTAP19-3,-1.798493938743765
KRTAP19-1,-1.1247819665204837
KRTAP19-6,-0.766018925867682
KRTAP19-7,-1.3369071951898948
KRTAP19-4,-1.2819965822424357
KRTAP19-5,-1.4850614965855715
KRTAP19-8,-1.1947156825966596
KRTAP8-1,-1.603246413164134
FAM162B,-0.01215406360925831
BMP5,-4.236966424394585
HIGD1B,-0.6784849988101397
COX4I2,2.4563536449306937
CLEC1A,-2.3826001707756
CALHM4,1.648616936182364
TRAPPC2L,3.0307819713047217
P4HA3,-1.756483194362602
MFAP2,-3.564204032161266
COL4A4,-3.826616035237068
SPINT4,-1.5847580005006408
DSC2,-2.148495103796481
INHBA,-5.461233483932443
RCN3,-2.568156547606078
NAPSA,0.4255503022640702
COL19A1,-3.1407845373663412
SEC24D,-0.5683647517277992
COL4A3,-5.498554643865785
COL23A1,-1.668977651611758
TRAPPC9,-1.6201867743431029
HOXD10,-4.826453479126104
PLEKHG3,-3.849905935362735
CNN1,-3.6377699141347484
TRAPPC1,0.9588131344580042
TRAPPC3,1.7600372715057702
TRAPPC2,-1.5100539395434625
TRAPPC4,-0.09408122699296544
ANGPTL4,-2.8205239446440205
TMEM132A,-0.4734241468466751
ITGA8,-3.777155614940306
ITGA9,-4.33406646311274
FBXL2,-0.2201868511959328
MMP10,-3.086970516633636
ITGA3,-3.862035549536667
ITGA6,-4.519584589873076
ITGA7,-3.732544649376026
SLC26A6,-2.0221800480828365
ITGA10,-2.901159279063575
ITGA11,-2.832140721808508
LAMB3,-1.3777867196842388
SLC9A5,-2.629652617048402
A4GALT,-1.9364487440387108
TRO,-3.1453304781478577
PLCH2,-1.2026795769016367
COL27A1,-2.6481333183755504
ITPKC,-3.8646801623116307
COL10A1,-3.8365529254933253
PRSS53,-2.907687956996277
AREG,-3.34281476855471
PTGES,-2.704491500278536
SPINT1,-2.8776216476160026
MIA3,-1.975676200472617
CFAP73,-3.2087713563656135
LAMC2,-4.033004187626995
CEP170B,-1.4738560672891494
COL4A6,-3.507250080575464
COL22A1,-2.1922550630176176
FLNB,-2.811397671371878
MIA2,-0.991100790665191
SMOX,-1.754370479166334
COL24A1,-2.289171787714266
COLGALT1,-2.1147407474476214
KRT4,-3.96175348828957
PAPLN,-1.5307206094262555
SHKBP1,-0.38234619827692806
CNKSR1,-2.4825028628561197
P3H3,-1.4500502397837907
FAM160B2,-2.0305521612681625
COL25A1,-1.883672018672806
P3H1,-1.0743902152355862
COL9A3,-3.0823870449975637
COL9A1,-5.66793995865796
F5,-2.829523528032049
MICALL1,-2.62340183792169
PKD1,-1.8739143061212697
COLGALT2,-3.213522670743528
TRAPPC6B,-0.45345029121199104
COL21A1,-2.653417031127534
NPFF,-3.7205447219108563
SEC22A,-1.633048596584524
UTS2,-3.4318100168733836
SEC16B,-0.8914794480409385
TSPAN9,-1.747253698800676
PLOD1,-1.2119494300559202
GAS6,-3.734457279796748
COL28A1,-2.0868701128831892
ITGB3,-3.686145430270894
ITGB7,-4.311849476825745
ITGB6,-3.8747892909579646
CNIH3,-1.1329735481404877
F8,-1.558386932766909
CELSR3,-3.076771832342934
CPT1B,-0.3811480037422791
CHPF,-2.2618302814412528
FXR2,-1.3361979912298423
COL6A5,-2.297682771660087
COL20A1,-2.263208818931272
COL6A6,-2.28821340665814
CLRN1,0.17758728706940416
MDP1,1.2990006236780836
DMAC2L,3.695599250932407
TMEM256,3.6082041783195846
SMIM19,4.010005291909248
POLG2,3.8435964427962857
FMC1,3.8635233391586326
TMEM14C,2.0237822214944847
HDDC3,3.1186911553735195
SELENOH,2.5889112770362086
THYN1,4.364444725640449
NTPCR,4.015234114144543
SYT17,-1.4876430841316781
MRPL43,3.7775919009417986
NDUFB10,5.9017632697863
DNAJC19,4.207744881279372
AP1M1,-2.379203498145181
DIAPH3,-1.3635981307279326
CEP85,-1.16166029731689
TICRR,-0.8430975523815912
WDR34,-0.7724620297290701
EMC9,2.3220585533292155
DONSON,-0.5698304730691476
RAD51AP1,1.7637180327667183
PSMD9,1.3777919799161968
PHETA2,-0.643711680540343
AP1S1,-1.3840464797335867
SKA3,-0.9636200176773554
N4BP3,-2.0042255933832718
HEATR6,-1.1349187821535778
MND1,-0.7650563349060758
E2F8,0.01737024393088104
PPP2R3B,-1.4858358375949912
PPP2R3A,-2.1441662233126877
TUBA3D,0.3243451687531163
RPRM,-1.9016300973353806
DFFA,0.432659783600414
XPNPEP3,4.576972234789841
SNX9,-2.5559208465538426
C6orf141,-1.2149510336924658
TUBD1,2.2978229602685385
SAPCD2,-0.47814846279091305
TCF7,-3.4948800015373798
C9orf40,-0.3343333474998155
NEIL3,-0.10155257733844916
PSMB11,-1.1116607502971934
WASHC2A,-1.0171729858592569
SIPA1,-2.9302371851145583
HASPIN,-1.2144906234873707
SFXN1,5.776879109507602
CKAP2L,-1.017711219505587
MAD2L2,0.3231390973947224
SYNRG,-1.086444069035924
GNB1L,0.2849133102196706
ASF1B,1.3729719054344378
LCA5,-1.2240418000195417
CNTRL,0.02751241542571945
CAV3,-2.849096550661543
POC1A,-1.2520443940341937
CCDC77,-1.2063828385046056
PSRC1,-0.8783376280870248
PKP2,-2.573674397427215
CRTC3,-2.6238548944770854
CRTC2,0.8036450237808124
MIIP,-1.1722570937666086
DNAJB11,2.0019197281913623
SPICE1,-1.8541945135895281
KIAA0753,-1.2369433140154744
C17orf53,2.0658482567147947
XAGE3,-0.695591466092623
NAA10,1.442160321264924
ARNTL2,-1.3272150766265927
MYO19,-1.8263296144960428
GPSM2,-1.1892513594455256
DCAF16,-0.32959999516781774
ZMYND19,2.2656545701171016
ARHGEF39,-0.6835553904283003
BORA,-0.1276239360802913
SMOC2,-2.816690131550945
KPTN,-0.4804813292069697
AUNIP,-0.7734439052486451
CLTB,1.1318034919093163
TRABD,0.8473414055693375
LZTS2,-1.4498187528283688
CARD10,-2.746800866272888
MTFR2,-0.07314433458039026
DNMBP,-1.7964594249619024
ESS2,-1.4780668727512074
REPS1,-2.316254687721184
ARHGAP11A,-0.7054366081335638
FAM83H,-1.1417667296936647
FAM83B,-1.4322102778771086
ACAD11,0.4816495758185954
RMI2,2.0528313595123504
SH3KBP1,-3.587682677063449
CLTCL1,-1.9984084617363043
PIF1,2.7475667295136077
FAM183A,-1.527092483759084
C9orf24,-1.469025725687214
C11orf88,-1.425452718682708
WDR38,-1.162686933852822
ARFRP1,-1.0463693611918523
NPEPL1,-0.7652149241769101
TGOLN2,-3.214535271052399
SYS1,-0.8740366708201873
TUT1,1.899475187755453
ENTPD6,0.5203759425957218
PTGES2,2.771117113269646
STARD3,-1.6316451116360808
HGH1,2.334396571302677
ARL5B,0.08943264922613718
CCDC134,-1.1120504772531739
VPS53,-1.7855331530191838
VPS52,-0.10334884123828193
JMJD8,-0.5153250439021949
DUSP7,-1.7687350540063635
NAA30,-0.053562704177071575
PEX16,0.561324223904086
CPTP,0.22739469580367258
VTI1A,-1.4457930168760302
GPR132,-4.70256435722894
OVCH1,-1.8647180698129215
TMPRSS7,-1.8647180698129395
FLG2,-1.3944549738472014
SERPINA12,-2.0057681998536716
KRT77,-1.7116875363663995
IQCB1,-1.4834633142065028
CDSN,-4.376536761011989
ASPRV1,-1.4405081739998686
ACER1,-1.540791057562964
DCD,-2.296659112430614
LY6G6C,-3.1311933290757477
RPTN,-1.801790028754362
S100A7,-2.674108352438384
S100A6,-1.2728385026006412
ALOX12B,-3.4977602779428394
S100A3,0.2143845228950264
SERPINB12,-1.5995903724055853
ALOXE3,-3.540606612266846
DSP,-2.2052483207521614
DMKN,-1.6639434736233005
LELP1,-3.1513249758272104
KLK6,-3.72079702798166
WFDC5,-1.9955678271203066
SERPINB7,-2.801023510743492
AADACL2,-0.7270677778601681
CABP7,-1.8771768217762916
S100A1,-1.5251360042269277
S100A7A,-1.3847656215404403
BPIFC,-1.929510263043473
KRT10,0.24303711423421936
POU2F3,-2.081843535751488
POLR2M,-0.5165837616166584
MTNR1B,-5.806838652232708
ZNF326,-0.09588331464428958
MAP3K20,0.20317570026292958
WIPI1,-1.739144262120679
LACTB,1.6417129333565472
IFNGR2,-1.6307845023370708
CYSTM1,2.412590679051431
RNF128,-1.2967120915495949
RNF150,-0.5879160880355515
NUS1,1.5870304983493586
ERO1A,0.7099997797467642
SELENOS,-0.33463186167409065
RRAGC,-1.5019781570463935
C14orf178,-1.8467279574367044
FXYD6,-2.017802644247549
TLCD1,-0.33602541315380957
BRI3BP,0.88866305222535
NDUFB8,5.768454537161047
ERGIC3,1.033316993423015
SLC30A6,-0.5973522393462662
UPK1A,-3.9791738093572975
METTL7A,1.088637519480867
ENTPD7,-0.7984111324856841
EXTL3,0.46526472959497966
PLD6,-0.8175627401266546
SPINK4,-2.304972722600109
MAVS,0.7774264887946898
SLC19A2,-0.9520273277570356
SLC39A1,-1.0699829096467182
SLC35B2,-1.0433439410033603
CD300E,-0.052720715773972956
ACP2,-0.4624927076256873
NRN1,-1.9819579939309189
PIGW,0.41979719493221
GPRC5C,0.25991992650303153
TMED4,-0.47097822496343844
SLC8A3,-1.836326464677794
CADM1,-2.6482873513523932
CCNYL1,-1.315132594306586
ALG10,0.7861857532314396
FAM187B,-2.646182008659195
FAM20B,0.6700229301421636
FITM2,2.155596200901854
HTR3C,-1.0099969348282916
TMEM8A,-1.3779185466114579
LPAR1,0.9330125801201633
MOXD1,-2.9686923778121472
MT-CO1,9.214925948197052
ABCB8,-1.1188077421899256
ATP1B4,-2.75562435668506
PIGU,-2.6920022431025257
CASC4,-0.21976198034977112
RMND1,10.143789810945272
SLC35F2,-0.42238040228201146
ENDOD1,-0.21187599423721273
URB1,-0.07284444827785291
NOL10,-0.0019132484710820228
TBL2,0.1422785265744758
IBA57,10.681950430663804
REXO4,0.6645601241042114
SLC30A4,-1.5319233495332305
HEATR3,1.2515141737509081
POLR1E,3.2750591606120487
CHST8,-0.5347918825876055
GAMT,1.2416673873825057
TYW1,2.204313085670884
RRP36,0.40985694844604387
POLR1D,0.994331370387211
WDR6,-0.6749270858467309
CTU1,-0.23274090416792767
ENDOV,-0.10130368136972001
UHRF1BP1,-0.20257290603441222
AVPR1A,-6.090208532549229
KLK10,-4.294947449486396
TGM2,-1.27186312970669
L1CAM,0.3542770136325891
IGKC,-2.706682087352675
RELN,-3.9467547559229987
SOD3,-3.893755907954785
GYPB,-3.839036134358104
SERPINB4,-2.712648694065343
ADAM8,-3.8098863551334223
CSF2RA,-4.653673626807761
GPLD1,-4.312650773302854
HABP2,-5.948086679781519
SPRR1B,-3.352204604417927
IBSP,-2.631068562091162
FAM189A2,-4.066118342946602
CPA4,-4.0072859356183095
THBS3,-0.7223197194458079
UNC5C,-4.402010052898536
BMP10,-6.7342116693664655
VEGFD,-4.052301296711607
PCYOX1L,-0.899909061488903
MRLN,-8.043567956689216
BCAR1,-3.6613536849335473
SLURP1,-3.989311571456498
ACAN,-6.216628539356476
KRT2,-6.824715930647725
CTNND2,-2.887725650869863
TEC,-2.6296171149103316
AC068234.1,-3.268207998958759
TMEM204,-3.4566836002746046
PARVG,-2.6907763161741824
DEPP1,-3.9223128701952783
KCNB1,-4.138612952962781
CP,-1.6291048559528187
ITFG2,-1.840237156668784
SEMA3F,-3.410212782679338
GJC2,-4.89258217520409
ID1,-3.4792373274880037
IGLL5,-1.7604406207583048
ADAM15,-2.8954666509341624
F13A1,-4.93186842558365
ALDH1A3,0.35570917911179706
WASF3,-2.186686438136649
DEFA4,-3.9641003928753444
ATP10B,-5.213502786097261
NPAS3,-4.665434309420307
UPK2,-5.528441423799716
SLC16A7,-1.431551261606061
B3GNT5,-1.5990839206515202
IER5,-2.008321147723968
APBB2,-2.0792456105512827
STK17A,-3.6777651844988815
B3GALT4,-1.257148303871895
B3GALT5,-3.350310687593796
B3GALT6,-1.4217595743981584
SGMS2,-0.9727850444226919
ENPP7,-0.7780324186926282
DEGS2,-0.5231386622378321
CXCL3,-4.972119723378846
B3GALNT1,-1.8066104281217328
SLC2A3,-3.6138881681821986
TNFRSF10A,-2.1607379029760145
ARHGAP18,-0.04459158423733154
TRIM38,-3.6968687885501508
GAB2,-3.661130671288748
NT5E,-0.40580261157938796
IFIT3,-2.3089172293147606
IFIT2,-2.8082029707937255
C16orf58,0.004797558756838367
GBA2,1.0862481377232363
B4GALT5,-1.5550285420496737
B4GALT6,-1.8588445726673881
CCDC50,-1.2919154713158636
IER3,-3.5760135088533205
GALNT4,-1.4298043426634466
GALNT5,-1.2879193522957333
ABCG2,-2.439239582575654
IER2,-2.7591018648711207
UGT8,-1.8891666065299162
SMPD1,-0.413438712910056
SMPD3,-0.49624912094494555
SMPD2,-0.6824727902949994
ATP1B3,1.232992706543327
FGD6,-1.4827557974122831
ZBTB43,-2.808799013267309
IL2RA,-5.4194731660606035
ARID5B,-2.421097086392377
CCN1,-4.6071768809208775
CXXC5,-1.2460163746040431
B4GALNT1,-2.8773381076212496
BBS4,-1.3338422997719526
ZC3H12A,-2.7743551762730356
MYOF,-3.765171553796106
GCNT2,-1.1665673595629178
POC1B-GALNT4,-1.2118336076156369
GLIPR1,-3.9417454019542273
HEPACAM2,-0.9886667899731023
RTN1,0.47546447733975017
PTGIR,-4.14184644952434
BACE2,-2.5190698933995455
DUSP10,-3.5923605331954356
MYO3B,-2.0778494817295576
ZDHHC15,-1.6551883235755531
IRX1,-2.239069890591735
LRRIQ1,-2.1641968615812734
MORN5,-2.267511236808389
TRPC6,-3.3740070657656807
SPECC1L,-2.2950965235838177
MYO18B,-2.0330521916248543
NEK1,-3.037270622003783
INVS,-1.8422186811709267
UACA,-1.991720110809774
KRT7,-2.655596108009694
MYH6,-3.0357000078924097
MYH4,-2.1065760739800017
MYLK2,-2.1211895204011544
MYLK3,-2.18555667673627
GPR150,-2.7659389004876522
SPECC1,-1.9043212608818518
GPR182,-5.783573031791053
PRKAG3,-1.5216843439760905
PRPH,-3.471624670157465
ALPK3,-2.9390744274656613
PDLIM3,-3.1241125463289494
KCNK16,-1.514609912149764
DNASE1L2,-0.02736178162964477
IPO13,-1.0199854924361056
ASPH,-0.28670492490141763
ROGDI,-0.9650107596791094
JSRP1,-1.2334550148167525
MYF5,-2.9201922498306554
MYF6,-2.705222136204595
KCNC3,-5.3581477089983895
MYOT,-1.8146397298489183
BIN1,-0.9344481716895938
ATP13A2,-1.7600179084757719
ATP13A5,-1.0999686356550589
ATP13A4,-1.1149036999195845
SLC24A3,-2.66677188895913
SYNPO2L,-1.635929169593361
CATSPER3,-3.0366256709544355
ATP1B2,-4.146771862420099
HRC,-1.9003164134559378
LRRCC1,-1.5796274749692814
ORAI2,-1.5261504607859826
VNN2,-2.8296226568650167
NXPH3,-3.995687181915411
ITIH4,-4.762918216321236
DUSP13,-3.8642488271394937
VGLL2,-1.435038015021616
OR10H3,-5.754300204404395
NEU3,-3.8256275555100347
SEMA6C,-2.9562183885588973
CASQ1,-2.8592394779952657
CASQ2,-1.1919006528689002
TNNI2,-2.095933859956082
KCND3,-2.5372245894749
CARD14,-3.2417427346096694
SLN,-3.704736524640252
UCP3,4.2663548937787565
CACNG1,-2.2427908213561194
CACNG6,-2.0615376414967552
RORC,-2.065855132684289
AQP6,-3.799184155745429
CTSE,-2.0641543292446585
MYLK,-3.203922158264361
TRPM7,-1.5467817054565456
TNFRSF1B,-3.7653689218146966
MYOM1,-2.289279314562685
KCNA7,-2.0959248949648575
TMEM38A,-1.5043620452109716
CHRNB1,-1.965738013421082
CHRNB3,-5.220187189326411
OPRD1,-5.544284446380222
ATP8A1,-1.6482520175131907
TCAP,0.18935919018585062
CKMT2,0.8986363441818274
TRIM72,-1.2473902219930721
LDHAL6A,1.2715611423209419
C8B,-3.673400891457959
CATSPER4,-2.5654433906592002
EYA1,-2.885254154909379
EYA3,-1.5987831285159564
HSPB7,-1.712473078004832
CATSPERD,-2.866393217128125
CATSPERG,-2.3509348833353374
CATSPERB,-2.024741026704666
TMOD4,-0.9552951706846041
ATP9B,-0.6556609954112744
RABAC1,0.2633613584051961
PYGB,0.005170754123006932
PMEL,-2.138429135536135
CYP2A13,-2.059526915855294
CACNA2D2,-3.705314709446418
CACNA2D3,-2.4836873355884674
CACNA2D1,-2.5361745780876004
CACNA2D4,-2.4106783228460764
SMPX,-1.58457059917483
CFTR,-4.22284365334128
NOX1,-4.069129096422009
ABCC9,-3.0004506751781808
BTN1A1,-3.98905862445447
GYS2,-1.4125307984778752
NLRP3,-7.1963951473103025
KLHL40,-1.6861417141886066
XPNPEP2,-2.826893194385366
RTN4RL2,-1.7903054060597914
ATP8A2,-2.039870114909941
CHRNA1,-4.233661724244314
CHRNA3,-4.728796606644052
SLC8B1,-1.7330506919326543
RAPSN,-1.9347397001253093
PRPH2,-3.041926181328092
ANKRD1,-2.555218770845989
ANKRD2,-1.592684111205707
FSHR,-5.507921567582287
MYOZ2,-2.459332222827685
MYOZ3,-4.41772146577116
MYOZ1,-2.7341074759408226
SEC14L3,-1.4002963103257033
RIC3,3.450686773942767
L3MBTL1,-1.7405391434342197
TPTE,-1.2139981373597475
SLC43A3,-0.7557577243666967
TMCO3,-1.1172700995923206
AKAP1,1.5504543586451005
DST,-4.158409789792191
INSIG1,-0.34100856206412694
ERLIN2,0.353430248362271
SLC4A4,-3.5911885917092454
NDUFV3,5.205592609297874
PPEF2,-2.8028221736344765
PPEF1,-1.7722664942091844
ESYT2,-0.8888639241066976
DHRS7C,-0.22505199267655177
SLC35F6,0.17011189051355916
SLC9A1,-3.1815413249710396
BRK1,-1.0734180376322109
CLSTN1,-2.5631639949658824
POPDC3,-0.6283962881363409
NOMO2,1.621767998720413
CYB5R3,2.04427817988096
EGLN1,-0.8399517830659471
ATP6V0A1,-0.9179816220049657
CDKAL1,0.985390214491067
TCTN3,0.23292363676348313
ITGB1BP2,-1.3758500011612416
NELL1,-3.6850848123583626
TECRL,-1.1844889049603764
SLC20A2,-1.2923681632462622
SLC9A6,-1.104976539270659
MARCKS,-1.7107773246744225
PHKA2,-0.3862820626428868
HYOU1,-0.34617234915343253
SRL,-0.975528465704232
JAGN1,2.58151749314388
RHEBP1,-0.6653876632307638
CYFIP1,-1.5680917860969168
CYFIP2,-2.324849138131304
CMYA5,-1.0735664723234513
AC138894.1,-0.5741901415572436
LPCAT1,1.485761787327984
PIEZO1,-0.42550889629359345
ATP1B1,1.8906991709802916
SLC39A14,-1.2542780005488616
SUSD1,-1.4141697721880353
FABP3,-0.6999411569022368
DDX6,-0.3903040076852635
DPY19L1,-1.108218792899711
TMTC3,-0.6189021388628209
NHSL1,-1.1422245277651901
PGM3,-0.600578535156221
DAG1,-1.2331215492221315
STT3B,-0.7718092743122135
TRAK1,-1.7227332942976081
CCNB3,-0.8172172478166773
KRT6A,-0.44872888839050956
TIMM21,5.9122989480921895
NDUFA4,7.031730670091167
XBP1P1,-2.56536251003754
KCNK1,-2.215449592291629
TMX3,0.06993500960954824
PIK3C2B,-2.070580670342057
HTR3E,-2.411016494737709
FMNL1,-2.8427285754083567
SLC4A8,-1.9605922396386155
LIMD2,-2.088785052281472
LTB,-3.5831885481633323
IL21R,-4.235176898022633
NCKAP1L,-4.180052478746173
SASH3,-5.07073950847469
SIDT1,-0.9081285240349608
TSPAN17,-0.5484248431057369
USP20,-1.7913473177886043
FNDC5,-0.148319613621429
VSIG1,-0.3484947552471751
ARL4C,-3.9251520915551117
DNAH1,-1.3500403395546183
PTPRCAP,-3.4151249737906686
CST7,-4.300681300048484
LIME1,-1.572014221667001
ARHGAP45,-3.4264148984489267
PRKCQ,-5.021484756121216
TESC,-1.944475917262499
CD37,-4.670881091424413
ITK,-4.109586850425294
PCDHB5,-1.035297632168472
SYT12,-1.9886143896632464
PCDHA12,-1.0059877685281056
PCDHGA5,-0.9524689874540259
CCR7,-5.76714717967199
KCNA5,-5.229501448675344
TREML2,-1.1530204837137297
GPSM3,-4.327439556164376
MAP4K1,-4.8360942868571515
IL23A,-4.899309626977146
PCDHA3,-0.7472358563442668
PBXIP1,-2.540834557023997
ENTPD4,-1.4751565807444456
EHBP1L1,-2.3567064464973653
HCLS1,-4.898405583942584
SLC7A6,0.4802290786559198
IL1R1,-5.111089354948258
LRMP,-3.65525474702752
AP1G2,-1.074848931259321
IL17RB,-0.9182421851456087
TMED6,-1.1266690272016089
LYL1,-3.2562325912799794
FCMR,-3.607211605797145
RIN3,-2.440710737493234
ISG20,-1.6019902503177086
P2RX1,-1.9059206907452857
P2RX5,-2.1507017083878566
KCNK6,-1.8071419549230956
SLC38A10,-1.5911150080616698
MCOLN3,-0.9559394124317889
SSPO,-1.798005055089539
SLC6A9,-2.941136798355487
ARHGEF6,-1.1994012184450253
SEMA7A,-5.123117572790798
PAK6,0.6125330609657079
GZMA,-4.833254467295585
SDC4,-4.217975984491276
ASGR1,-0.5180626833326768
IL7,-5.108014843134367
KLRD1,-3.3959786660415774
LIMK1,-0.07862764424465117
FCGR3A,-4.404606239001249
SORBS1,-3.043194069871463
MATN1,-3.54385216990329
SELL,-5.5484755640080845
MLC1,-1.5657579817357261
SHARPIN,0.3188495990362936
IGHG1,-3.4711490402848435
WLS,-2.5780589135357848
CEACAM6,-2.5412611060820107
CRB1,-2.6310328034024226
EHF,-2.479818562871704
ADRA1B,-4.783918976591736
ODAM,-2.651949433515951
EDIL3,-1.6722188141510275
GSTM1,-1.0259873188713633
TNS4,-2.108266385243993
PHLDA1,-3.0613733853717284
APOH,-2.786056536606486
REG3A,-4.597123664104592
GSTO1,4.059995029003184
NOG,-3.608972593468131
TCN1,-2.7557351811206106
GPX3,-2.5132971030262956
CROT,-1.436939373890013
CLCA2,-2.986461219836958
GPRC5A,-1.6227013395230814
KRT15,-2.3200386192059876
FICD,-1.3532797739003763
S100A2,-2.879781878564221
SCAF1,-2.126479129449691
PDE10A,-3.6363165627138625
YAP1,-3.412763969852386
SLC17A5,0.45990008850472947
OXTR,-4.152828927593004
PLCG2,-3.86612333997526
AHSG,-3.7674790474877873
OR3A2,0.4002811504987048
CD47,-2.2393332932230137
PLA2G4F,-1.8618466576848256
CFD,-3.4140381459394566
CFB,-2.9199369797728827
DKK1,0.06711707186801684
MGAT4C,-1.687635459764907
IGDCC4,-2.3881843993800222
HAMP,-2.794390114138593
RPE65,-2.084641671601852
SMAGP,-1.1745560955279781
FGA,-4.274464857697747
SH3BP5,-2.975608025729308
HPX,-3.88888520796835
VANGL2,-2.278374554456664
AMELX,-4.2896261593675185
CEACAM1,-3.959207185968062
EN2,0.18648447075077998
CLDN1,-2.3269850045008798
PLEK2,-1.5294654750392949
HSPB8,-1.7707050994283582
OR8D2,-2.566388419350263
IRF6,0.46769898510909935
SCN5A,-4.126153301459655
TTPAL,-2.0080178932101496
TNFSF15,-1.7931706604431623
CDCP1,-2.7153367369844044
ANO1,-1.5852436807151744
PRSS3,-2.5633960045928443
LGI1,-3.306504852095315
SPATA31A7,-2.099037034109657
BTF3P11,-3.9005537998021818
SLC9A8,-2.5912703218661033
ERGIC1,1.4068501587089537
APOC2,-3.4679446867897625
APOC3,-4.740975658712665
APOC1,-3.2923787380203438
PERP,-2.2975795127791145
PTPN13,-3.1990308522910347
CPB1,-3.716627422038823
LXN,-0.44950699643961184
ZACN,-1.330828471693305
NT5M,1.4371161555730627
CX3CL1,-4.549686915023368
EMP1,-3.401573723199947
PAX5,-4.428263038915108
BTNL8,-2.060366961972769
AMIGO2,-2.334463112520203
C2CD4A,-1.811291154244919
PF4V1,-3.046976382143062
SERPING1,-4.917307763796712
PPBP,-2.6503026009567052
C2,-4.721479481769115
GPR87,-3.0399213345430662
FOXD1,-2.069641389108598
STATH,-3.2661611080128194
IL18,-4.4171167871106585
KCNJ2,-3.3349732303309967
EREG,-4.058835267632473
KRT9,-4.065270703498786
ANTXR2,-2.0369804658088317
NLRC4,-2.9471320997564616
SYNJ2,-2.440517053108669
KRT13,-1.7706531319781713
ANXA3,-1.897759666305797
REG1A,-3.0556939191083328
MC4R,-4.076801459593241
PTGS1,1.0522797786612392
PNLIP,-0.12065877489276128
SERPINB8,-1.6802421229828204
OR2T6,-2.7969630730155237
SERPINB3,-2.4910551764452618
PI3,-5.266855676228122
SERPINB5,-2.3213369772201022
MST1R,-3.3823744307769537
FAT1,-2.2643417674816275
PDGFA,-4.999265644185432
DLC1,-3.4468823760000182
NFKBIZ,-3.3045080657509223
CLCA1,-3.280370028215745
PROCR,-0.8530005444497468
C3orf52,-1.432012003513742
ETV1,-4.069348153114371
IL1RN,-4.588771688634004
ETV5,-1.759557631737271
SDC3,-0.6138848751042691
SLA2,-2.6982616003780855
NECTIN1,-6.3470340140013555
COL26A1,-1.1353138770747728
OCLN,-1.6740158505895073
FERMT1,-1.85563051238383
PDZRN4,-2.7150939406885253
SEMA3A,-2.874955013754141
SEMA3C,-3.320567401151961
ADH7,-2.108606834509642
CD58,-0.7528005327849324
SERPINA4,-5.9614892582305625
KCNK3,-2.943561559667152
CABLES1,-2.19168701431101
DGKG,-0.5940710640325214
HSD11B1,-0.8394788545866644
KCNJ15,-3.501535152666576
PCDH1,-2.026044044285507
BBS2,0.2255587673497272
MMP3,-3.4225524269323007
AHNAK2,-2.060875145101681
SCLY,2.533092201653514
METTL2B,2.844539697311167
VAPB,1.9617683565210025
SC5D,0.01674797421834755
TRMT44,2.3101069268420535
MAGEA4,-0.6346484679853591
THAP4,3.4312065711361712
YDJC,2.888501969262688
LBHD1,4.636897624229183
CEP70,-0.08725609331940887
NLN,1.9182914012764236
NUDT5,2.82280951855956
SBDS,-0.32667869856550286
NSUN4,4.838750034416922
NSUN7,0.520613424465393
POLR3G,1.156397913559245
POLR3D,0.6266738123739573
BAG1,2.7888634781638384
MTRF1L,3.561105414486934
HIST2H2AA3,0.30060124758064927
EIF3CL,0.7177637582121366
WDR55,-0.7174003446577824
POLRMT,2.5621925179900074
HIST1H2AA,0.5538168958220816
CTU2,-0.04764876762920735
PPAN-P2RY11,-0.2066750793609622
ZCCHC13,-1.8175806282049436
MRI1,2.1319051053584794
LARP1B,0.3247730135580677
FMO1,-0.5695086153680268
GNL1,1.0735848027607968
NOL12,0.5327574929373907
EXOSC1,-0.030049760154741027
PABPC1L2B,-0.33312293522881925
FCF1,-0.6914517089174815
RCL1,0.5121449748222074
PACSIN3,-2.1169382663878076
BDH1,2.087663725157001
MAP3K21,0.18026523883688214
CASK,-2.0875544581681185
BCS1L,6.652302377611157
PABPC1L,-0.6625623952894073
NRBP1,-1.1600182730333375
POLDIP2,5.826522023834671
RIOX2,2.3657190572323055
THNSL1,3.4006427168399087
MAGEB10,0.31823170443524035
CPNE4,-1.253901691958506
MT1F,-1.1009284511667572
C7orf26,4.675907265910876
CDCA7L,-0.9576275902290852
MTFMT,13.498330070352182
ADAT2,2.5431172929877404
CENPV,0.25116125567668035
ZNF346,-0.18166261821563515
ZC3HAV1,-0.963839558583167
C12orf4,1.2772696282779148
UCHL1,-1.182172198632554
LLPH,1.6847604248959527
SETD1B,-2.275615093144145
C12orf43,0.263298210373176
KLHDC4,0.24879358931115428
HIST3H2A,0.14923518879150752
PUSL1,1.5827581923796075
SFXN4,8.782435312905655
NAT9,2.7124294777110505
AARS2,10.83477996793582
SLC25A19,3.0871138464889274
TESK1,-2.007068208820771
IGF2BP2,-1.3872538253712625
KNOP1,1.392632655600125
SOGA1,-0.8831459608215104
TENT4B,0.3088932742711305
ZNRD1,0.47211815391263695
EPHA10,-0.5286602118932354
GOLGA3,-1.5939523787038474
PABPC5,-0.7908092406337708
GATD1,-0.5133789933254854
PDCD2,3.264194488970979
FER,-2.1780399887533206
AAR2,-0.4262053095380847
ANKRD6,-1.7238457763783497
HIST1H4D,-1.7137878081028743
HIST1H4K,-1.3449528980334555
HBA2,1.6419988265924281
HIST1H4L,-1.3820699897034197
UBL5,4.778358461700818
PTGER2,-4.045259818160267
PRF1,-4.5961571388169595
SAMD3,-2.161605408114647
JAML,-2.9075640188622205
CXCL13,-5.365430716706428
CLEC2B,-4.257231993153223
PRR16,-2.4338187868320964
CD1D,-4.304348876268926
CD1E,-2.061504030741028
JAM2,-3.240779982131792
JAM3,-3.1860027666332185
CCL21,-5.613451240603013
GZMK,-4.555781974318765
GPR174,-2.97318936512586
SH2B3,-4.55007341888508
ALOX5AP,-4.399943494911386
HIST2H4B,-1.3934878171877014
FYB1,-5.2996514850465255
CERKL,-0.5120909279180551
BIN2,-3.7969163256087923
PTPN22,-4.626162241247598
LCP2,-5.836079799088847
CPVL,-0.6998216838506649
AOAH,-4.071413731653285
KLRK1,-3.818921230032258
PRSS2,-1.5906171643420595
GAPT,-2.0258611568538907
NAAA,-1.3806135746490633
TMEM131L,-1.841798602004306
PROM1,-3.554878438300766
CYLD,-4.399007083269194
ERAP1,-1.4770147959697293
CYSLTR1,-3.767142006106956
AIF1,-4.655513864104016
TRAF3IP3,-3.1897528507484445
RNASEH2B,-0.11442606350355822
RIPOR2,-3.9478780423769004
IRF8,-5.0972253200838225
GIMAP4,-3.977810512456891
BTLA,-2.333245755690527
CD72,-3.6460784079158266
CST9,-1.101897192869551
PATL2,-1.388892940680369
TNFSF4,-2.841839316854316
CELF2,-1.8569736833197021
PDE7A,-1.8417379362386175
GPR18,-5.740093769343962
UBE2NL,-0.5228737260738459
SLAMF1,0.7824131872922585
ST6GAL1,-2.3289476768768504
SAMSN1,-4.114616395363367
IQGAP2,-0.22742817700978898
EOMES,-2.544885584067096
LY86,-4.403992425151701
FCGR2C,-2.429625844686855
FCGR2A,-4.7930153070915145
HIST1H3G,-1.2350795017959502
HIST1H3I,-1.2039975617615148
CHST11,-2.1462192571651975
DCT,-5.9874363751457
MAPRE2,0.09576319211592745
ANKRD44,-2.7125670014915055
RUNX3,-4.9758333453565795
CD3D,-5.400787643043153
CD3G,-4.9036805954647145
SP140,-3.58084878823098
GIMAP6,-3.823214422249246
GIMAP1,-2.476388833603645
GIMAP2,-2.1946923848329694
CR2,-3.3108661676176703
CD274,-2.9172320609615774
GPR171,-3.2607336171626278
AGFG1,-1.643710726082148
SH2D1A,-3.8961747656262693
DOCK10,-2.635463027098157
DOCK11,-2.4191474211008424
STAT4,-6.345266571709672
CD84,-4.990505968534573
PDE3B,-2.094051549477159
NDUFA2,12.821854277110926
SLFN11,-1.0985469579575229
CD8A,-4.258868694062934
ADAM28,-4.2459673494618215
SP140L,-1.7519077152516747
FCGR3B,-4.581377120815312
HLA-DQA1,-4.5898810837041015
SEL1L3,0.06951063800034862
JCHAIN,-2.9206306410211123
CCR1,-5.615997603470615
KLRB1,-4.0520050634548594
MS4A2,-4.386837460537234
ARHGAP25,-0.43147761359323
HPSE,0.1174378216826155
TAFA4,-1.6638182185024712
RNASE6,-4.315649536237469
CX3CR1,-3.785447784469922
CYTIP,-4.875139940144145
SCGB2A2,-1.9369195017409138
RASSF5,-1.8887834890185762
HBG2,-0.6027640245681739
MANEA,0.742422458797559
RSAD2,-2.2399486141718907
LGALS13,-3.156664547194628
FCGR2B,-2.083995641340713
HIST1H2BE,-0.9612723456054497
HIST1H2BH,-1.0376183614928525
HIST1H2BI,-1.6216140862368378
HIST1H3B,-1.4191539285818755
ITM2A,-1.4583236926799887
HIST1H3F,-1.2476039027479868
BTN3A1,-0.8313095023770889
FCER1G,-4.808653640581231
EVI2B,-4.714414577922161
PYHIN1,-2.2718258244749574
HIST2H2BF,-1.6452612070861732
GIMAP5,-4.203710856768744
TRAT1,-3.9925557054797647
CD69,-4.98742252836511
BOLA2,4.7258698305169
GPR65,-5.821451856193839
FOLR2,-3.2923491532354774
SYNPO,-2.902325570587311
RTL8C,0.5912215273620873
TRIO,-4.649005440581208
WDR1,0.2903299863685217
CEACAM8,-2.3583989692157314
GRB10,-0.36924952190625204
ANGPTL3,-2.6257600951418323
CSRP1,-0.6112274261707186
SFXN3,0.05797143341077542
NR1H3,1.4810691216577219
CHST7,-1.2991109698438397
SLC2A14,-1.08089888862781
ITPRIP,-1.8612406237872856
S100A8,-4.291333110059399
RNF24,-1.279847849409545
HOMER3,-2.6532757414673926
ESAM,-2.567763329544643
PLEKHO2,-2.997562203931976
DKK3,-1.5562007640229296
FUT7,-2.9534269666613713
FGB,-1.1248977737660346
IFITM2,-0.9078161257640243
CCL7,-4.638510041665542
PLTP,-1.6833477280164824
ANGPT1,-4.6549221777578795
ANPEP,-2.6135314447075393
RIPOR1,-2.1494600773937105
MFNG,-3.2315173962474986
ADAM32,-1.0749031699716158
NLRP1,-3.670810371616198
RAB13,-2.559648435621729
QSOX1,0.8082089105700058
LRRC32,-4.266444142829402
STAB1,-4.336737032641769
CHPF2,-1.4834184982045246
MMRN2,-2.888259366493602
PECAM1,-5.177051360955405
HOXD3,-3.142480816989557
EMILIN2,-2.4735512785806892
FBLIM1,-1.4418451694129346
RUSC2,-1.3969597731600483
PAX6,-4.472715289172263
CD68,-4.185905246955003
SFRP2,-3.2947549961441047
TMEM158,-2.885972196978559
SLC22A4,-1.2987096270766894
UPP1,-0.35110913428488655
C11orf24,0.5638397841619524
C1R,-2.675851780453211
FSTL3,-3.398872355906436
PRAF2,-0.05151457442961475
SMTN,-3.2488097600214725
SH3GL1,-1.5404103586660667
ACVRL1,-3.2901275517707615
PLSCR3,-0.2973216532276901
ADGRA3,-2.2622030751470223
NCF2,-4.86727531575643
PXDC1,1.1574130476228348
SMIM3,-1.5527351532595735
FZD2,-5.009412713952943
RGS16,-3.6225035455213215
ELF4,-2.90027288850316
PTPRE,-4.9222386649512675
ARHGEF40,-2.347366454040537
SELENOP,-5.148589875681824
LHX2,-3.3557247386630547
OSBPL3,-0.4346469377621701
LHX9,-2.673390517216141
TMPRSS11B,-2.2050560793168574
TMEM17,-1.8001853181427745
RXRG,-4.082379268487707
ADGRL2,-2.768509651417744
RAB11FIP5,-1.5646955160581786
PCDH20,-1.6788705151617762
TSPAN11,-1.2505505975384326
FAM234A,-0.3852850921220714
ARHGEF5,-2.490504539208155
EXT3,-0.03355374824198178
PHACTR2,-2.1900686257695803
CXADR,-2.29671847226875
LPAR6,-1.556752210492232
CD36,-4.649246503221147
SLC30A1,-1.9867199519638519
EHBP1,-1.0460079585823643
MB21D2,0.09293462560304155
CTDSPL,-1.5751729833112167
EPB41L2,-2.799352376631568
FAM171A1,-2.1867118300476367
CDH17,-3.277280933405644
IL1RAP,-3.319874514448832
KANK1,-3.171901505906416
CD24,-2.2731713829382265
TSPAN8,-0.8710948519106755
KCTD12,-4.131260820204139
SOCS2,-2.808357527283885
HLA-C,-3.2727023150943273
TOX3,-2.469221396696815
MPZL2,-2.512043418356286
FZD8,-4.694562945250276
TBC1D4,-0.7343204200338923
DUSP6,-4.633659288997851
TIMP4,-2.1682175130001444
FADS3,-1.6855054600285473
PTGIS,-4.502807703981526
SIRPA,-3.933092927108182
LPL,-1.3224708305349626
TNFSF13B,-2.9532557699095654
SVEP1,-3.9119010963366576
PSG8,-1.2649875450539905
PPP1R1A,-2.2534178395174935
ZCCHC24,-3.597937907475836
NCEH1,0.5238390378194927
CDH19,-1.6566598919163449
HSPB6,-3.0034889177470503
RCAN2,-2.463263486111915
TBX2,-3.4837568008401676
FABP4,-2.9744315607650673
ITIH5,-3.026593981577896
DNALI1,-2.3471724776984724
CXCL10,-7.146194159358772
CHRDL1,-3.675283880366104
NMRK2,2.376854652504064
LFNG,-2.4303372707309143
ABCA8,-1.0764581935615432
ART3,1.3736048675724366
GPD1,0.41813261584705275
MYOC,-2.1999930587751173
SORBS2,-2.321498964373845
CLEC3B,-3.3077531804816585
ST5,-2.7866172924427572
DAAM2,-3.240337762699202
PDE2A,0.16366092835245852
C1QTNF1,-1.9798492430043584
ACKR1,-5.1223548907165295
ADH1B,-1.5504038780344316
TRHR,-5.414912025429293
UTS2B,-3.4456756519090197
KRT34,-4.339353439036322
GPRC6A,-3.616660779258254
IL22,-4.5153418316791125
CCL23,-4.457914196275921
GPR31,-4.190483294406859
GHSR,-4.907453445665042
PROKR1,-3.5117425856728173
PROKR2,-3.677603362163626
BRS3,-3.4573874446082193
PRY,-4.029546914905858
MC1R,-3.7724874962567347
B3GALT1,-3.1842767810481933
HTR2B,-4.186371685577782
MCHR1,-4.972344119654251
APCS,-5.0026936229845855
OR1A1,-4.546120623812295
CRHR2,-5.608640944108702
GPR4,-4.026702704726559
GNG4,-7.221355712197621
GNG2,-4.35279998811008
PSG9,-4.490341728692283
PSG6,-4.8123866894790535
GNRHR,-5.822589063082809
CD200R1,-5.459241927365131
PSG3,-4.613566245887873
NPS,-4.028026056930146
GPR17,-5.814659408257328
GHRHR,-6.240664892496553
SAA1,-5.2569474583294316
TSHR,-3.8370058745550395
CYSLTR2,-3.745320238818332
CCKBR,-6.0090947399140635
LGALSL,-5.454748877052414
GNG7,-4.187073676269973
HRH4,-5.405571190275291
LTB4R,-3.75106196323645
GNGT2,-5.876565537993644
TRH,-5.43711942388676
CCKAR,-5.690752163353468
CHRM3,-2.3283200696527286
GNRH1,-4.732569674906261
NPFFR2,-3.5584708062519623
PMCH,-4.731265729559214
LPAR3,-5.268200001855764
BTNL2,-4.134841713724001
TACR3,-5.326405874732739
F2RL1,-3.572324578764462
MLNR,-3.6541279281251593
PROK1,-3.5269055227165484
PROK2,-3.673707674216242
ARHGEF25,-3.105668357734587
EDDM3A,-4.2836686483598445
AGTR2,-6.2294763257972035
MS4A12,-2.8545505006383505
PTGFR,-3.853430174253101
ZP2,-5.186822780414432
GHRL,-3.536208745458936
OR6A2,-4.124267131634837
P2RY2,-3.8189320464621503
OPN4,-3.2764388854275017
HYDIN,-3.457271980787773
SLC10A2,-3.8622147005470704
FFAR1,-3.48722409741441
GP2,-5.444809407527249
P2RY10,-4.304486592849894
P2RY11,-4.016767426241018
TACR2,-5.230053062453916
MRGPRX2,-1.9897389149896259
HCRTR1,-5.473330521674327
C22orf31,-4.335672615224732
C8A,-3.9380106593690516
GNB3,-5.402678732895402
MC5R,-6.457557994117111
BDKRB1,-5.520501806120988
KCNJ1,-3.4226722320563674
NMS,-4.833342164957333
PON1,-4.7303313168508705
QRFPR,-3.4948873293331437
IFNA21,-5.96592700508584
F2RL3,-5.515034520365481
F2RL2,-4.052457843932642
LPAR4,-2.798002761265423
LPAR5,-4.6797729367465495
KISS1,-6.229321424499274
QRFP,-3.4842509413201492
EDAR,-5.5164326445733876
TAC1,-5.118482288712162
GRPR,-2.2629435989826545
TAC3,-5.393015701432361
XCR1,-4.157867858151927
AVPR1B,-3.8229395651941074
WNT8B,-6.597933146290157
OR3A1,-4.028998972103023
SLC5A4,-3.0313470395851505
GNG8,-5.76789637586487
UCN,2.041308542259936
OR2F1,-3.943341572229306
CELA3B,-3.089061182474046
CHRM5,-5.5993909606244925
MCHR2,-4.729336306377784
SCTR,-5.140624430630246
FFAR3,-3.3233027865878464
XCL1,-5.021163104717822
OR10J1,-4.221788693745533
PLAAT2,-2.8717480756129143
FFAR2,-3.8160810342888456
MMP27,-4.306414528076403
NPSR1,-4.154202375749372
CHAT,-1.4140816490708852
GNA14,-4.459240466877657
GNGT1,-3.805602480981941
CALCA,-5.936894270596188
P2RY1,-3.7233323143917394
C4orf54,-0.984262803651914
XIRP2,-1.4625816312639686
SH3BGR,-0.7955784808396184
SLC51B,-1.8992467475228103
VIL1,-3.3408536409057166
CHP2,-4.408430602833071
FABP2,-2.002345866101475
ANKS4B,-1.44720569324121
SLC5A9,-1.5993780849159225
NR1H4,-3.638782152664058
GUCA2B,-5.572276311135014
SULT1A2,-1.283314979144434
HHLA2,-1.9898469497440372
CDHR2,-2.407207229469243
CDHR5,-2.54750906647127
ADAMDEC1,-3.5611484973728795
SLC51A,-1.7531368526015527
MT-TP,-2.5954706341471154
MEP1A,-3.5392049195148845
MEP1B,-3.845827107601623
SBF2,-1.7853389914563937
CDC42SE2,-1.1310054160391456
DENND4C,-0.8998671337335691
GDI1,-0.2871439254256718
GIGYF1,-0.8245125379947238
SRGAP3,-2.5573456525424065
PCNX4,-1.4934660252240541
TRIP11,-1.6568343433979391
KIF13B,-1.8348054112771983
KDM7A,-3.3039175120064845
MCM2,-2.7441139422557197
AZU1,-2.351743420302723
RAB8B,-2.295565297938618
SAMD4A,-1.7429161394164534
TTC28,-2.315313956747245
SH3RF3,0.0008258135194299576
HEATR5A,-0.2128828067957717
SH3PXD2A,-1.325216409774355
PCBD1,3.5787695573606193
CEBPE,-2.728543013479709
DDHD1,-1.1761015286440846
CNKSR3,-4.001087916590064
ZBTB21,0.028159090147380352
PPM1H,-0.16051205431193014
DENND2C,-1.5575333907112388
SCRN1,-1.5147177377390888
PTCD2,-0.048292045377941795
PTCD1,2.488534741733281
RTKN,-0.674603889244542
TPD52L1,-1.3552172061896295
LYPD4,-0.5506755490795275
SERTAD1,-1.745786804029398
DENND2A,-1.8909487086629184
DENND3,-3.514505460881603
METTL6,2.718022648211547
EOGT,-1.5259339176265836
TFF1,-3.485893952443175
C1QTNF9,0.08118551665100765
DENND4B,-1.6073383293689012
IFFO1,-2.651709764820929
KDM4B,-2.510592479058381
APBB3,-1.931294866239078
ARHGEF11,-3.2093968298129583
SETD5,-2.0113181765254704
FAM193B,-1.5178389616081043
EVL,-1.4393538521639937
POLM,0.18800446408129928
PANK4,-0.4433541256418034
PILRB,0.3798039562889244
CAMTA2,-2.0321361155530013
MAN2A2,-1.3810422712895265
DENND5B,-1.140665489338453
ZMIZ2,-2.064295754505764
MAP1S,-1.4127908454165081
GSE1,-2.598253206160683
ENGASE,-2.4140204679536916
TAF1C,-1.2957137537856975
TMEM63A,-2.2260313182597806
ANKZF1,-1.0744543508390287
TBC1D9B,-2.110234032474256
RUSC1,1.4421497217405392
MYO9B,-3.8117914854122343
TBC1D13,-0.7943078432389683
CMTR1,-0.8467530683585827
CIC,0.07296603322031515
FBRSL1,-1.2154174028248301
AKAP17A,-2.584048291269643
ATG16L2,-1.0300215840715234
DGKD,0.034370931518774905
DENND1C,-3.8372129309877847
ABCC10,-1.20960643012877
TJAP1,-1.5569211849235223
TMEM39B,-0.450601737127964
MAST2,-1.995849513505678
WIPF2,-2.8520975298692157
TBC1D10B,-2.2600866647544744
RASAL2,-1.6622186963061858
FAM110B,-1.5769469848738127
OSBPL6,-0.2175947539303544
PLEKHA7,-0.31080807383242104
NAV1,-0.6980517923198252
RALGPS2,-0.42410306727219843
STARD13,-0.4650131587249432
FAM110A,-1.4471430100450577
ANKRD34A,-1.126452353025383
DCAF10,1.4994357741915534
RPTOR,-1.2462216826581307
LPIN3,-1.0455778184127895
VPS33B,-0.6300071428835599
MAPKAP1,0.19788537336156306
FAM53C,-1.7019171799097221
OR4C12,-2.378829303025661
RTP1,-2.2946497424854164
RTP2,-2.306747487731598
REEP1,-2.581409803677993
GNAL,-2.5404260788143906
ZRANB2,-1.4996764607005233
SAV1,-2.2549538110550165
RAPGEF4,-2.1632895074044427
RFTN1,-2.6729237657545157
SUSD6,-3.270256237537938
IFT57,-0.3014515606401751
TRIM22,-3.1383641581998303
MCUB,2.1604012961359262
PLEKHA1,-2.2769351884370597
DOCK9,-2.078704648953956
DOCK1,-3.5760540154344405
PHLDB3,-0.9291625840842467
TRIM5,-1.8915387159840678
NAA20,2.097187730621257
CRYBG1,-0.6734029157079451
LASP1,-2.457804383034058
NECAP2,-2.480798862457841
ACOT9,0.8888736774621593
DAAM1,-2.3251806309927185
MDFIC,-2.656288819240298
MALT1,-3.0112705872537306
TMEM243,-0.7347963147856515
CYTH3,-2.914624794053323
ZDHHC16,2.6825719290995016
IFT27,1.2748483779156683
NT5DC2,2.2993674698713744
EDEM2,0.014275507537327582
ANO6,-1.1824509147019306
WDR41,0.1729011898948498
WDR49,-0.44351857717283183
BNIP1,0.29739432615446026
SLC39A7,-0.2711212549114482
DNAJC1,1.4389767236823503
SPAG16,-1.0743574758905108
KRTCAP2,1.4375029783011057
WDR86,-0.34949441404350207
WDR88,-0.8554858605908598
IFT80,-1.147185978632823
DDRGK1,1.7483698567553785
RABGGTA,2.120691834929343
SLC1A4,-0.8216361278544921
CYB561D2,2.117461045802235
APOL2,-1.6084574368525195
MRPL49,3.6800794561216708
WFS1,0.38445274863030743
NSDHL,2.4658516461019406
CRELD2,1.1195956133055556
SDF2L1,0.8538446591106296
TMEM216,-1.8427562164635518
WDR27,-0.6187946787897146
SLC35C2,0.5395730446461054
AMBRA1,-1.094225771079182
CEMIP2,-1.7331527936801736
ACOX3,0.3818111342647992
CDC20B,-1.1391447591103214
EVC2,-0.8732519578995037
DCAF5,-0.6941191062164973
EML6,-0.5296571002813195
WDR61,3.809430699602933
WDR64,-1.8016870117410329
CORO2B,-1.9658791407338394
BCAS3,-1.5816035468816225
VPS45,-1.4743477614678828
TMEM208,3.1926015001836068
WDR17,-0.5444240155904992
STX18,-0.9462560376686274
CORO7,-1.5327446781196172
PIGT,0.2232583754314364
WDR5B,-1.771433322451595
APEH,3.798657732360552
MSTO1,10.771291359594612
ELP2,-0.6334547255184777
TMEM120B,-0.5614089400428691
NBEA,-2.2718703979837667
TMEM67,-1.4734833333229427
NWD1,-0.6094299157298826
CLPTM1L,2.7247238829107285
WDR97,-0.582983341520392
DESI1,1.979182806768472
CCDC22,0.037088834825092835
CFAP57,-0.836822882924546
PLK3,-0.7309814321668975
GPAT3,1.5826927231444252
OSBPL5,-1.4334535939976694
ERRFI1,-0.6700636305236842
FABP7,-3.9540939684248113
CNN2,-2.5090908451816367
ADORA2B,-4.829273231082279
ZFP36,-2.942665819727483
SLC23A1,-1.2796184901131888
HCAR3,-5.092134805411176
EGLN3,-1.7254050409756707
GAL,-5.0372212925685345
FOXC1,-1.5019011271024674
PANX1,-1.7662809457081399
CSTA,-3.724175385143393
STEAP1,-1.902213827329358
RARS2,12.442412965564069
WWC3,-1.3065099704271739
ABHD4,-1.231919209843651
UQCC3,2.2989511203888
PHPT1,2.8394793064772297
XPO4,1.053959578879414
PCBP4,-1.6967875673961792
LOC102724985,-0.46785319015660315
RHBDF1,-1.863198886804687
EPS8L2,-1.7141451106195786
DRAM1,-3.2748037675728874
TMEM11,2.486355280872819
ADAP1,-2.4854990540627626
TNFSF9,-1.6426329564997832
FAM214B,-2.356014060065203
IPO11,-0.7276058965647917
LARP6,-2.4344347282492445
COPG2,-0.8556366941320922
ETNK2,-2.025249776741608
CDC42EP4,-1.52489524088523
UNC45A,-1.1779231171507185
CZIB,4.284614951469438
TRAM1L1,-0.713541398851616
OARD1,1.5041458845936893
SIGLEC12,-3.006186105096597
LZTFL1,-1.164537390775162
GATD3A,4.560202541025129
CLUAP1,-1.3290955612151916
UFSP1,-1.1966741385306705
PLXDC2,0.8237466929048879
TAF12,3.9297160232487114
ETFDH,4.249494738731742
KIR3DL2,-1.3850632100129978
ELP4,1.2848200035488058
AMZ2,-0.7303640090538492
ASCC1,1.7620010658023428
VAT1L,0.7968352052973933
ATP5PD,6.902204359568337
WASHC3,2.8685930800392585
CD79A,-2.8737767751837975
SIGLEC5,-0.4167945946548157
UGGT2,-0.923111618196561
SEPHS1,2.405890747983606
STX8,1.0808248444594721
AMIGO3,0.18110106898972791
KIAA1191,-0.01222023338370105
CD244,-1.920358697045106
PLPBP,2.490135823461829
DYM,1.450407772557601
SLC16A11,-0.7313439514399572
LIAS,5.377478213986258
ZUP1,-0.323186718177233
TCAIM,0.9475009544781297
SCG2,-2.5967357502796187
GPM6A,-2.3595148039089127
RTN4R,-1.8785517810042054
SV2A,-2.058540016846856
SV2C,-3.6511927708443848
PCDHGC3,-1.1849672962790887
AKAP6,-4.61646438149224
ELAVL4,-1.4634177808259803
CRYBA4,-5.5188182404778034
TECTA,-3.8516517075389474
NFASC,-3.659509710493406
CHST1,-3.0060238306066305
SLC18A2,-2.230951714265989
ADGRB3,-3.1815215787340057
BCAN,-4.704235092124014
IL17A,-5.0499687757032445
ADGRL1,-2.878335145873493
OLIG2,-4.81287900314723
APBA1,-2.8852332175913875
APBA2,-2.6737532925335366
SLC17A6,-3.2450152967243993
SSTR2,-6.066735199405406
PDE1C,-3.6466583828934356
GJB7,-2.032623162500386
MCF2,-2.905208893501975
TMEM185A,-1.6855826139481656
CDH8,-4.952857585184186
CCNL2,-1.7853157555535253
SHISAL1,-2.7532469979709266
SYT3,-1.5079340055595651
CPAMD8,-4.828473005089652
CNTN6,-3.111555981701056
ASTN1,-3.0557896306377477
PCNX2,-2.965785555615977
TRIM3,-2.5854676972116684
SEZ6L,-4.829546255663054
PMP2,-3.585596339724337
RFPL2,-1.9552573086805123
TIGD5,-0.9568622440944549
ASCL1,-4.3958760396591865
BASP1,-2.5843999931752513
KCND2,-2.6797566847439445
CADPS,-3.9730442604896123
CTNNA2,-2.3563132400970175
VAMP1,-1.893810248471971
FUT9,-2.793420346282966
CHGA,-3.622157104037516
MARVELD2,-0.17223922366714522
EXTL1,-3.634721789388596
MAGEL2,-2.6137479066346097
SYT13,-4.261237714190367
PHF24,-3.962376659150903
ST8SIA5,-2.403110949019084
CYP2S1,-1.7467987379413419
MAB21L2,-2.091111255489089
EPPIN,-4.905628990166503
RIMBP2,-3.3814351612390214
CNTNAP2,-2.7267146839959167
IL9,-5.40120037271514
CDH13,-1.2570170800952674
NEFH,-1.860935677847842
RGS6,-4.999246959529715
DPP6,-3.9944950458180934
PCP4,-2.335139201689731
NRCAM,-3.6934702931507677
ISL1,-4.735769469695839
DNTT,-1.8923323653434905
SCN3A,-2.6794944648144035
STMN4,-3.6769271820168186
STMN3,-1.573998739867021
AJAP1,-3.6144735308722855
PLPPR4,-3.596145279073921
LSAMP,-3.2620454980228337
SPA17,-2.451993688290777
PLCD1,0.6916206601024593
PAPPA2,-4.989995259834512
RIMS2,-3.761110914880042
CHGB,-2.645400812653546
CNTNAP1,-2.984219745926644
DOK5,-2.9284848580226366
POU4F3,-2.880018638149887
GPC5,-2.5831180405115624
SLCO1C1,-4.048621976318207
PCDH8,-1.9547289526971159
FSD1,-0.9977268061800971
PAMR1,-3.1376649167944834
FJX1,-1.2409627747606329
ADAMTS2,-3.7944205471824755
EFS,-2.9247876545323335
SEZ6,-0.09138845676579585
TRIM29,-2.617531327042249
GDF10,-4.202904948152203
RAMP2,-3.9357026507128285
TPSAB1,-3.310148592974628
SCUBE3,-2.6198697750537225
SEMA5A,-2.9052846685294504
MT-CYB,9.239776805349395
UQCR11,5.707124389460614
HEBP1,0.8303242983590612
ABCD2,-1.4609408118411438
TAS2R19,-4.136456319046329
TAS2R14,-4.131637209791009
TAS2R10,-4.0990223649883575
CXCL11,-5.509624406315237
NPB,-3.694430981935559
TAS2R7,-3.8813153877239324
NPW,-4.1859556917662015
TNFSF18,-3.210761960652638
CCL28,-1.5198868897070972
CCL25,-5.355036614970003
CCL27,-5.191586994659322
CHST4,-5.037699306927747
P2RY14,-5.01634268741935
SLC30A10,-2.3826050934490905
P2RY12,1.0531279686058088
P2RY13,-5.380253856057425
TAS2R8,-4.145003217057622
SPIN2A,-3.892442114268892
TAS2R5,-3.8856061866108207
TAS2R1,-5.383658765522497
SSTR1,-4.636092137256517
SSTR3,-4.010042141759618
HAND1,-6.771672280469223
CXCR2,-3.0058853411088595
CXCR1,-5.61557317372532
TAS2R38,-4.120739128708635
OR1G1,-4.116349186396934
C5AR1,-5.230259253768714
TAS2R50,-4.159449541398636
ADRA2A,-5.400412053373998
ADRA2B,-4.271892832386301
CLEC1B,-1.7787755590658423
CXCR6,-5.415604666428171
JAKMIP2,-1.94733076021913
LEFTY1,-4.7799954712237795
CXCL2,-5.382082641258237
PYY,-5.907103798505304
CCL5,-4.210668870195418
TAS2R20,-4.131581353107312
INSL5,-4.414069817318866
TREM1,-3.3509367394210487
ITIH2,-4.9578597653972745
S1PR3,-4.242628511555389
S1PR5,-4.842889141927804
S1PR4,-5.338150337962198
CFHR2,-2.8034918413841865
TAAR5,-4.918095613110731
TAAR8,-2.358822453152323
SEMA6D,-3.800137303047814
CHRM4,-4.036000147739778
CRHBP,0.7140781336018353
TAS2R60,-4.136579683978607
RLN3,-4.430851762885441
RORB,-3.987237189714341
FPR1,-5.427572796544475
FPR3,-5.569338593608762
ADCY4,-4.592217015752521
ADCY5,-0.1291096885102488
ADCY6,-4.636474922252795
CXCL6,-4.461566030951192
CXCL9,-6.164746286047921
NPY1R,-4.383114093962533
GALR3,-4.528250026072029
GALR2,-4.600843740034014
GALR1,-4.2258410926926695
ADORA3,-3.632500816320424
PRLR,-4.538162801785066
KRTAP4-7,-2.0410587864322487
GNAZ,-4.9199380085450555
NPBWR1,-3.99640612656898
GRK4,-4.0966851856978455
CCR3,-5.174395097300886
CCR5,-5.862587852866586
CCR6,-4.110143987452137
CCR8,-4.887499253580901
NPY4R,-4.169073188252317
BEAN1,-2.705426104048319
C3,-5.871912235109865
C5,-4.59308776156741
TAS2R39,-4.015514288494322
OR1E2,-3.419570459484985
OR1E1,-4.0057884370793335
PNOC,-4.673952092612308
OR7A17,-4.40428576109403
GPSM1,-3.8834558516060715
OR2J2,-3.7793694146277987
ADGRE3,-2.7097992112196887
ADCYAP1R1,-5.703989199531034
PI15,-3.7160388617026303
LINC01587,-4.3873808176286
HTR1D,-5.945074611153224
UPB1,-0.7937364863648428
GRK7,-3.489526023650615
RXFP4,0.2504284479277026
GRK1,-4.627066822134542
KCNMB4,-3.9927858163982783
IFNA10,-7.255303806002143
DCHS2,-3.6060275917854807
HCAR2,-3.85883737131345
HCAR1,-3.7768530362662167
APLN,-4.0496141532261944
TRIM49,-3.3311602952190187
MTNR1A,-2.8475343382812746
OR7C1,-2.479990904513167
OR11A1,-4.183857913724366
OXGR1,-4.123898696792607
SUCNR1,-3.9205088228312635
TAS2R30,-4.113638672774825
TAS2R31,-4.137925885736858
CORT,-4.325969523696063
CCL11,-5.404244603182232
CCL16,-3.7884028071156517
TAS2R43,-4.132494071479475
TAS2R42,-3.1639620182640207
TAS2R41,-3.5091863084042747
TAS2R40,-4.024387198788917
TAS2R46,-4.136926411255145
PF4,-5.5738999045484725
GPR55,-4.277375359570722
ATF7,1.287931747480672
FBH1,0.18154271404439856
KDM2B,0.04693524845289493
FBXL6,0.669179960421552
FBXL17,0.47056635435542754
ASTN2,-0.7066206563926002
ECT2L,1.244042961521148
PRAME,-1.7804401456735395
FBXO45,1.3437728546632897
FBXO47,1.132092584295902
FBXO42,-0.15023816463576947
XKR8,-1.4043566776332161
FBXO36,1.523722208270604
CBWD3,-0.6708951258510701
PPP4R3B,-0.048165735895749164
PPP1R37,-0.5660442770663796
XPNPEP1,0.13171801474950992
SH3BP1,-2.4304445618465413
SSU72,-0.7248270485139812
C1orf131,1.5364096201740354
SIKE1,-1.3801371864499894
EEF1AKMT3,0.3264460451141435
SH3YL1,-0.6674021714618988
ATE1,-0.1454404219179243
ACAD10,0.7855020332748569
ARHGAP44,-1.5344507653316846
TSEN15,1.785601210264922
TCTEX1D2,-0.972148079570972
IL1RL1,-3.1495846924431414
CYP2W1,-1.8289737026347814
CYP4F2,-2.131065957220583
CYP4F3,-1.2746115048815563
CYP3A43,-2.9759205252375
CYP2F1,-2.674091558806558
CYP4F12,-1.9082885257455324
CYP39A1,-1.3621138074930366
TBXAS1,-3.6801386382209733
PHEX,-2.4078544886143143
BGLAP,-1.5793547209737087
GC,-3.4715046622566903
CYP4X1,-1.5324971581631444
CYP27C1,-1.3626531076519555
CYP2U1,-1.580153422617712
CYP2C8,-2.6481222509387066
CYP26B1,-1.9552894513828583
CYP4Z1,-1.6608549518152393
CYP8B1,-2.4225831495925028
CYP26C1,-1.5209529773833403
CYP2J2,-1.104170017261772
CYP4F11,-1.136912061342867
CYP4B1,-1.9127946615556468
KCTD11,-3.96481369456173
MCTP2,-1.585263941984598
CYP2B6,-2.9192515108083237
CITED1,-2.28256611703284
CYP20A1,1.359577802748037
CYP4F22,-1.5458889407855767
CYP1A2,-2.5996359231726487
CYP24A1,-1.8690835044562275
GCAT,3.398945404739824
KL,-2.436954758875059
DEFB4A,-2.5555307119466995
CYP4A22,-1.648685610883489
CUBN,-2.5738565473116943
CYP4V2,-0.9007449883406841
CYP7B1,-2.578026783347712
BAAT,-2.255026722036761
CYP2C18,-2.970012878463361
BCORL1,-0.660969090848914
DVL2,-2.9260542354480075
KLHL10,0.6475671831697494
KLHL14,-0.7743287598175337
ZBTB42,-0.9987161110149545
SUFU,-1.4809486166702803
KIAA1671,-1.2939871930180094
ZBTB46,-1.2231272191118627
GPR101,-1.8167846618642598
DISC1,-3.487907469012457
THSD4,-2.193030239027112
BMPR1B,-3.9226165611197716
OASL,-2.2868671853581297
CBFA2T2,-1.873397617897156
ZNF843,-0.8050598219934462
SIRT5,-0.3624294937336239
ING4,-1.5339889300574943
EFHC2,-2.6546358870197992
ING1,-1.1141497511716614
PHF23,-0.5138872261928783
ZNF775,-1.289829904592985
PHF2,-1.92316623867382
TET1,-1.041571428445582
DGAT2L6,1.7920839409635152
TMEM239,-0.5436215493731299
ZBTB22,-2.000160438646578
ABCB9,-1.7518223729680618
NACC1,-1.561384077839922
PPP2R2C,-0.5273221105011245
ZBTB45,-1.1459965252930793
ZNF653,-1.5490371352108536
CDRT1,-3.942955558048547
AMZ1,0.39416095168094484
NKX6-1,-4.135412705800587
VWA7,-3.43460972251437
MTUS2,0.029358590362461003
GPR21,-2.494949079866611
ACSF3,1.9152784240909497
NOTCH2NLA,-1.2249586566962278
TRMT2B,1.291291093521
MAGEA1,1.4604883092018088
MID2,-1.2413207094596752
GPR137,-1.703250625781505
FAAP24,-0.613926788903145
TRAF1,-3.938149588961795
KIAA0556,-2.088871196322919
KRT40,-1.1938095259641426
ARHGEF38,-4.347166337785562
PIGQ,-1.9212912046978894
RALGAPA2,-1.3630235265723996
DDI1,-2.999310028023314
MTMR7,-3.0993146517942445
FRY,-3.1421181110125858
NKIRAS2,-0.5563354232469977
TBC1D14,-1.2874306624715095
GLT1D1,-2.142118618107676
STEAP4,-1.8780908719169138
GHDC,-0.4886010951595854
POPDC2,-1.2678118020941684
CYB561A3,2.4824304056305815
ABHD14B,1.9105438227663534
CHRNA9,-1.89694672485359
BRAT1,-0.6299194823147548
CAMSAP3,-0.8764086476843531
TKFC,2.731533297191279
TMEM219,-0.6483817112909617
SDK1,-1.5529672183608643
IGSF22,-1.9561327246341276
ROBO2,-1.9511778726144722
DSCAML1,-2.825856800587421
MACROD2,-0.8588647922239184
SDK2,-2.215625851395853
VMAC,-1.301556303441698
CNTN5,-2.303903621818891
CNTN3,-1.3173758278310899
CNTN4,-1.595027678650126
DNAI1,-2.4345451266070817
CEACAM21,-1.7452482048542857
FCRL3,-1.954892518656251
IL13RA2,0.4574589484563847
TMEM30B,-2.264142964220457
ORMDL3,-0.063621226327295
ROBO3,-2.436717833769518
EPHX3,-1.3904977013970732
C9orf43,-2.736940461080475
SPEM2,-2.795192289696322
TMCO2,-2.6855578566891403
MROH7,-3.9156846622132724
SAMD15,-2.72372230187591
TKTL2,-0.504094308712103
SYCE3,-2.700410363216139
TPPP2,-2.8859517494614093
COX8C,-0.36103867593693345
ZSWIM2,-2.2666612061569564
ARMC12,-2.9332039308411337
ZPBP2,-3.268377360873789
CCDC70,-3.6039800804623825
FNDC11,-2.9190594192097814
RGSL1,-3.6412948123838014
CCDC96,-2.523145382428253
ACTL10,-1.8257882878885934
TTC23L,-2.94584039923092
RBM46,-2.440492699253241
STARD6,-2.7499222160914463
C9orf57,-2.6325818450963894
DMRTB1,-3.255192182201991
AL163195.3,-3.3057578641097636
PGK2,-0.124660192267058
SPATA17,-2.9063643291448553
SPATA19,-2.8111712753511258
C10orf62,-3.455005647295001
FAM47B,-2.9399546620309516
C20orf144,-2.9726941685270054
IQCF5,-3.3415719868521863
CCDC42,-3.5136893800632643
DNAJB8,-2.2016942536998436
TSACC,-3.096450298513386
ODF3L1,-2.983534895663343
CCDC38,-3.178718740396447
SYCP3,-2.716997240872313
SPERT,-0.8046189022754283
RNF148,-3.199697652570051
PRM1,-4.630543713350879
SEPT12,-3.0311178245039185
REC114,-3.12848650455116
HMGB4,-3.4539288661464678
RBMXL2,-3.7700869405447506
ZMYND12,-2.339139859233824
DYDC1,-3.2655207241654263
GOLGA6L2,-1.8637618400089968
TRIML1,-2.696484688067361
TMEM225,-2.843678958642213
TTLL2,-3.133895518357849
C14orf39,-2.441115198660052
PCP2,-2.4816897991378055
DEFB123,-2.8883523471658674
KIRREL3-AS3,2.6557773379925718
WNT3,-4.1507912408886565
PRKD1,-3.2233478327184555
CCL1,-6.2011184129380865
CEACAM5,-2.6049482862988254
DNAH9,-2.128713995870912
ALX1,-3.713748569584365
FFAR4,-2.788423789530886
DDC,-1.6886207157887656
TBX5,-6.463016528919122
REG1B,-5.593515773641393
HTR4,-6.417045905390536
GPR1,-1.997761878733696
PSG2,-7.489391520480409
ADGRG2,-2.6923948758034233
FZD9,-5.1472608341313375
FZD5,-4.933472288331684
FZD7,-5.632404081544831
CGA,-4.673758685745494
FGF14,-4.350074477414563
ADORA2A,-5.438047971279594
TPRN,-1.2644538230499058
WHRN,-1.3331709081099292
PPP1R3A,-1.286280656073678
CLIC6,-1.8362223701237597
CCDC85C,-1.67095797113578
AC003688.1,-1.7190708893732873
CLDN16,-1.6470959347308776
CLDN17,-2.8827718217752425
CLDN14,-2.200010910165553
CLDN15,-1.4361250854986032
CLDN23,-1.3852207271844914
CLDN22,-1.4716487759066625
CLDN18,-3.528709737022306
CLDN19,-1.3549566962174673
CLDN25,-1.4737113137823856
CLDN24,-1.4737113137823856
CLDN20,-1.379722922515552
CLDN6,-2.4668641877348683
RAPGEF1,-2.7686515328941352
MTMR2,0.9378879726751238
GPATCH3,-0.700948995248122
DNAJB12,0.16115996940264513
FPGS,0.7441544446088881
VKORC1,1.7976315490101564
BCL7C,1.8954901315185255
PLEKHM2,-1.764605323676253
MCAT,3.393030411837653
TOLLIP,-0.9087733631861236
POMGNT1,0.1363875143510729
ST6GALNAC4,-1.3256930681041248
PEX10,0.1788598198137155
MUL1,-0.7284706582713201
INKA2,-0.8161430534563635
CEP128,-1.4850120702237475
CDC42BPA,-1.8998600671337194
INKA1,-0.025498828363983744
PAK5,-0.5958566873798786
CHST9,-1.3955662921074585
CHST2,-2.0030975693496726
CHST10,-1.4828873025952607
CHST13,-1.1551121242763362
CHST12,1.037777191415109
LRP6,-3.2638405345093338
CHST14,-1.1712746472251947
CSPG5,-3.0925275285458
HS6ST1,-1.8618419182031933
HS6ST2,-1.470771495576287
HS6ST3,-1.5187271566385527
SYTL5,-1.4138171259068137
PKP1,-1.800927980058731
MS4A1,-3.9784243163299644
RADX,-0.763834306630428
NSG1,-2.5982028510127
GP6,-2.9670294715806205
ENPP1,0.3647614087163161
FLRT2,-3.6828320164968678
KLK1,-5.318238304033379
SUMF2,-0.6290484293372186
CCM2,-3.4010162839156366
C1QL1,-3.1117895224836505
F12,-1.8682627444665845
SLC39A2,-2.429682578053787
HOXA11,-2.71625857451605
PAX8,-5.471859880014883
LRP2,-4.193961678166278
IGSF1,-2.664221236980786
SOX3,-3.6944011203638802
ARHGAP6,-3.319088087556569
GRHL2,-2.3296494851522573
WNT5B,-4.073851249718444
PEG10,-1.7064706362786957
APOD,-2.8426824715948618
CEP170P1,-0.9783264733725744
PTPRZ1,-3.185294596278179
NHS,-1.251026836017687
ATG4A,-0.21804605425000975
SLC25A14,1.1473994359038446
CPLANE1,-1.0262281672618558
ADGRG6,-2.328370774611502
AL139011.2,0.008958272602154455
PPP1R14A,-2.019989273341966
GAS2,-1.7493094738992803
CELSR2,-3.0307733302113005
GLRB,-2.411255251067636
NUP62CL,-0.9654520167555172
PSD3,-2.222544472595488
NME5,-1.3562128365275923
AMMECR1,1.103045096857711
LIMCH1,-2.1358322849423206
SCNN1B,-2.0954831343734113
PLCE1,-1.1446029439460639
GLCE,-1.9424014587916185
TOM1L1,-1.2023742115123965
NAV3,-1.9903266162787001
HOXC6,-2.9122750700150237
DLX5,-3.472212291122638
C1orf198,-1.2465433562412513
SPOCK3,-2.5389479445423984
VPS26B,0.22397089009876484
SERPINA7,-3.6763197227014954
PDGFD,-2.793858109992029
USH1C,-4.071010347078694
SLC15A2,-1.8903405135798894
SAA2,-2.409170699301784
PTGDS,-3.5992466348407746
PAX7,-6.621483467922008
PAX2,-4.961174576357024
ATP6V0A4,-1.4727705612365294
SLC22A2,0.7426917733941113
FMO3,-1.3060299141261151
MCC,-1.1867714976713248
MMP19,-4.225367560850378
HFE,-3.6500520975314985
FGF12,-4.112729674248433
ARSE,-4.464215080570974
PLA2R1,-2.5229927160389902
ID4,-4.22932526706734
CPED1,-2.362980820357369
DPT,-1.1380732848044244
DKK2,-2.447322886707336
EYA4,-2.2731995424316067
KERA,-2.4167418438712525
ABCC6,-2.7297298464951933
KRT33B,-5.222941981639816
LHX1,-1.9243690714562862
PTGDR,-3.3867929162292034
GPRASP1,-2.5850196553124456
EMID1,-3.398433855863658
CA1,-4.565360823904613
RASAL1,-2.578751090999532
ADAMTS6,-3.4401370252345522
INSL4,-4.1913446178179985
DMBT1,-5.209691203047289
VN1R1,-4.57456543136821
AFM,-3.2155665156566284
MAGEB2,-2.6611742037434825
SLC22A11,-3.3740397771294663
CLCNKB,-4.377500117558335
CLEC4M,-5.185076390012122
HOXD4,-2.9487041927385675
SCNN1G,-4.323313225268845
FCN2,-4.085221284845991
PAX9,-5.9888628092896425
NAA11,-4.0766067196247455
KRT85,-2.864382280195917
ADRB1,-5.037348484198135
CDH16,-3.6328668081346587
POU3F4,-4.352739554770404
USH2A,-2.5806181818247684
SFTPA2,-3.0178746926460156
ANKRD34C,-3.7566755869574173
CRYAA,-3.4764333178341578
UMOD,-4.775039922187111
MFGE8,-3.048537504577914
CELA2B,-3.6195705172203843
ARHGEF17,-2.6428138039104696
TMEM184B,-1.1984240524918122
CLPSL1,-0.8364346814923312
SOX18,-2.559856313317028
FARP1,-1.753868819166464
GPX7,-0.538686707420536
RETN,-2.7372082828464968
KIRREL1,-2.591976956370645
MXRA7,-1.9833422988517497
ERG,-2.9739853279349138
NDUFA4L2,1.5055991415460126
SPON2,-2.882876728526067
SHOX2,-2.8891964428471417
ITLN2,-1.762422471140599
EVA1B,-1.8029087512323325
FNDC1,-2.449361791128119
TSC22D3,-3.2857889969238627
LPP,-2.498806727403657
C1QB,-3.9488732559404767
STBD1,-0.9207579111413566
VGLL3,-2.857727403404958
SOX4,-2.2225549892929823
ARAP3,-3.19539212823674
DCBLD1,-1.2658016948326707
SLC16A2,-2.313006430157623
FKBP10,1.4841739534714458
PLVAP,-2.312121848906278
UNC5B,-3.2228203448639654
RASIP1,-2.4655029615007344
UAP1L1,0.167034135331237
RARRES2,-3.550516470240277
CDH6,-3.3978163907193277
MYO10,-3.1005335121555366
MID1,-1.8537939618633892
FGL1,0.6233156337607189
SLCO2A1,-2.866647689086891
RAB34,-1.7481162188931922
AOC3,-2.6130054846719477
CCDC102B,-1.6051667920368826
NDST1,-2.566917252796347
BMP3,-5.364117413703068
HYAL2,-1.5559019890985821
CCDC80,-3.168238356454985
ROBO4,-3.634163605749484
EGFL7,-2.3512969474874508
TBC1D1,-0.5269645424267589
SGCE,-2.6863044992404705
ID3,-1.822738609292786
GJD3,-2.1795747425117553
MSC,-2.7205992739883142
SERPINA6,-3.157245536535922
VWA1,-1.9802869067077016
GLIPR2,-1.7625154892320274
PTPRG,-2.2124415520007514
CSRP2,-1.1334213984833474
ADAMTS9,-2.3841335898760145
C1QA,-3.8631803813121026
SAA4,-5.093892146867731
PCDH12,-2.371662137592942
SVIL,0.15425315288252506
CDR2L,-0.7056757880063851
INHBB,-0.41189512623705904
SPESP1,-2.3758311974617956
APOLD1,-1.8452117931957297
CYBRD1,0.1259974044573744
COCH,-1.0918008266741699
LIPG,0.03774030502419399
MYCT1,-2.069470069326963
GASK1B,-2.299377968122237
NXN,-1.284223674209343
IKBIP,-1.4973946511088203
HEPH,-2.769780403790725
TINAG,2.223970397923092
OR8J3,-2.7323177424431133
OR4C15,-2.6994524124267856
STK10,-1.221033973602885
TYROBP,-4.6720093814111
ZDHHC12,-0.6665085154215341
GMIP,-2.3505530694948034
CDA,0.1657909316162691
NPL,-0.763302754972662
PRR13,2.4091414846910078
TNFSF13,0.02887465239474938
MGST2,2.4402867050126478
EDC3,-0.9004562350410251
TMEM127,-0.8423175233870798
GLMP,0.8833313439496542
HOXB6,-3.410070328529569
FTL,-1.353351076592617
SDF2,1.3832039405498142
BCL2A1,-4.4868029717926055
FRAT1,-1.3321153238984522
ATXN7,-2.2532438140176994
SMAD9,-3.592564342296303
OTUD5,-0.6313783620561642
NADSYN1,0.32617639005219484
GFI1B,-2.119691422953771
SHISA5,-0.5779335990777335
STN1,2.1988701202408594
N4BP1,-1.7807203410190202
MS4A6A,-4.196955393480301
ABR,-1.7807286354700655
ARSA,0.03638710541089934
SIDT2,-1.3610698744383916
MAN1B1,1.1076814250628784
HPS1,-1.9352031584266514
VSIR,-2.2763864807595566
PLBD1,-1.5621161364594407
TMUB2,-0.6404022937267302
ADAMTSL1,-1.8117561662686343
TADA2A,-2.099146601908555
TNFSF12,-1.7526369430507214
TREM2,-3.0472244364551564
TXNIP,-2.40957095621228
PPDPF,1.2262079376637212
ADAP2,-3.254461850204135
NAGLU,-1.1271563414663877
BTD,1.2104373977937035
MFSD10,-1.5479986825863605
IFI6,-0.7420029333814327
HS1BP3,-0.7542563055310638
ACP5,-2.6111676231710144
BMT2,-1.0478901477912086
LOC100653049,-0.06478325126675342
CYBB,-4.102410748390107
IFI27,-2.678388220613021
RNPEPL1,-2.063357684421139
CCDC92,0.26619888343963155
C11orf68,-1.0999503381784093
TRPV2,-2.286316985787662
FAM131C,-0.7768678605903478
KRTAP1-5,-1.294316170314344
CTSF,0.5561640065424226
TRPM4,-1.798295626278473
SECTM1,-1.2442001316109024
MAFB,-4.099411194874487
PRKAB2,-1.8944834628918
BST2,-1.2120741932092378
LGMN,-1.6903556225327565
LAMTOR1,2.882270600874569
SRGN,-4.206477390714096
GMFG,-3.811809960626643
WBP1L,-1.8343957079925128
SLPI,-3.644487898371335
KRTAP11-1,-1.2742212364683776
PLAAT4,-3.1985345800295266
STX10,1.2306357452907168
KRTAP15-1,-1.4404945635595927
MICU1,11.263130904811524
CALCOCO1,-2.4069450888867485
ZFP41,0.7641896746352933
ZDHHC24,-0.4024433384247767
ANO10,-0.851359186842319
CPNE2,-3.7101175696434314
MAN2B2,-0.7944109682649466
S100A13,0.7007075429908484
LYZ,-4.557414446257349
TTYH3,-0.9953946981737631
IFI35,-1.413737135798051
OAS1,-3.2170405913474482
MAGED2,-1.4670211037841627
CCDC69,0.6812066348110257
TMEM115,-1.035609339984197
GNPTG,1.4304934112824
FLYWCH2,-0.17135398244373937
DLX2,-3.10375652924099
FAM102A,-1.514360316518649
APH1B,-1.256330428156315
FAM207A,0.5261542984338357
BSCL2,-0.9846420479904352
ABCG1,-0.4379981305406483
AC113554.2,-2.81178364877784
RETSAT,1.9184370302444202
SIL1,1.8114752542099273
TOR4A,-1.1889754994118764
INAVA,-2.0972832385932856
PYCARD,0.3669122364438956
LRP10,-0.6489370147604628
ULK1,-2.8609397531091814
MCOLN1,-1.333551721884805
SULT1B1,-2.905294609559925
CHSY3,2.530684178901296
SBF1,-2.435350563324061
NDST2,-1.9267467480940657
NDST4,-3.198239570577328
SULT1E1,-2.248835474678474
SULT1C3,-1.4330562262089679
NFATC4,-2.9743605877027535
SULT1C4,-2.2105077678667553
CHST6,-1.700810890096434
HS3ST3B1,-2.0188418442030627
VSNL1,-2.293768336092801
CHST5,-2.4356759170545863
SULT6B1,-1.6080720577434569
SCRG1,-3.5797432609861857
DIP2C,-1.7942960065128135
SULT1A1,-1.6737728060605586
BPNT1,0.9273655253376051
HS3ST6,-1.4595308350195093
HS3ST4,-1.6278238335638469
HS3ST1,-1.8309430373687048
HS3ST3A1,-1.732838016685306
SULT2A1,-3.3648601100972537
IFNAR2,-3.8155395599505435
ZBTB32,-2.515499345657434
GAL3ST1,-1.785530373956876
ADAM19,-3.1427209505626763
GAL3ST3,-1.377495269636644
GAL3ST4,-1.4881062473425177
GCNT1,0.15069851687291735
CFAP74,-4.032647742189212
REG4,-1.5240482268562299
CLRN3,-1.2969615188048487
TMEM125,-1.0885025347446278
ZG16,-2.5800752870813586
ADTRP,-4.816345615680149
ATAT1,-2.331809717366936
GSTM2,-1.0156501773415298
SLC28A3,-3.1083156684941557
PCDH11X,-3.58474816304439
MUC1,-2.4362597480726844
MUC7,-1.47142829744243
MUC19,-1.0649801330855493
MUC17,-1.716250414348045
MUC16,-1.9967445244499782
MUC15,-1.2291410874311517
MUC13,-1.9620827599025947
MUC12,-1.321299785266754
LECT2,-4.560038240279494
GPR15,-4.219166004493308
CDH10,-4.211987600502132
KYAT1,1.707874378605563
GJA5,-4.092525417438004
SLC17A4,-4.768216547589822
F9,0.0413947188465161
TEX13B,-3.6498105935870226
TM4SF4,-3.8122523979141407
SLC45A2,-2.93842552257376
TRIM15,-4.785337279872499
USP29,-2.116375366395467
LBP,-5.3633532207064745
B3GNT3,-2.257684544946278
IQCA1,-1.9978401479605108
EPS8L3,-3.2742288017469985
PROZ,-2.939385838383055
GJD2,-4.819321536151426
NHLH2,-3.368071665273459
CA5A,-2.722612178718332
ASCL3,-2.8428121006567695
MUCL1,-1.356295492548875
MUC3A,-1.0815498204461682
MUC3B,-0.9563018911377664
WDR78,-3.1117974858474495
NECTIN4,-2.795815747173467
CDY1,-0.7989596194548693
CIDEC,-2.8406847815344234
PFKFB1,-1.1136870869194666
MMP8,-3.6134924470096923
DEFB126,-3.8948420771568033
KRT37,-4.365288477673856
IL21,-3.4471928109542764
CNGB3,-4.03063019440412
GP5,-1.4669552971306579
MASP2,-5.010623655620309
PAX4,-4.8246053373730025
PCDHGA9,-3.8532003083679243
PKNOX2,-3.860880067927367
YY2,-2.612837288780803
SLC10A1,-4.865759899001849
IL19,-3.206417589389051
NEUROD4,-4.289226201477062
LENEP,-2.9720881795337095
IL1RAPL1,-3.4721708448280766
DCPS,2.23606091418597
GCNT3,-1.7682284064187692
HAVCR1,-4.319532511342877
MUC20,-0.9424436440680063
MUC21,-1.1401002034899002
C6orf15,-4.115592311592815
CELA3A,-3.8671868851374778
OR1A2,-3.472439720915532
FOXK1,-1.720169164836478
TRIM31,-4.61393709006569
SPRR1A,-3.928019300194344
PLAC1,-2.431894757521085
IL22RA1,-4.105807722642234
MUC5B,-2.333945199702858
PROX1,-3.612375997071986
TMPRSS5,-3.951287573060032
ARMC4,-3.8941121783062935
SIGLEC6,-4.500302264143205
GALNT10,-1.464175059731856
ALG9,-0.7429472274440378
B3GNT7,-1.3574062846327566
DNAJC18,0.1277582390650095
ST3GAL3,-1.557323854409562
GLB1L2,-1.230372755290762
CD226,-3.6251963443819912
CDC42SE1,-1.3969334726832718
CRTAM,-3.1609667365335734
CSF3R,-4.615131588549026
MS4A4A,-3.851226947465134
MAF,-4.398061046392874
LILRB3,-3.519237334623692
LILRB2,-4.328379884410797
LILRB1,-3.679960096151565
CCL22,-3.4283158512495886
GZMB,-4.306722629734784
GZMH,-3.692742557693603
SIRPB1,-2.5511875365293877
TNFRSF10C,-3.6908578660872053
CLEC5A,-0.31718304701800454
IGSF6,-4.136706121514412
IL3RA,-4.625754478795592
PRAM1,-2.2258163783870657
LSP1,-3.4353719531635
MPO,-3.8797149983917847
IRF9,-2.170145043221401
LILRA6,-2.5731191136836604
CFP,-4.285529467194864
FCGR1A,-3.6273360768881595
GNLY,-4.241632882581077
HLA-DRB5,-3.5411397553094757
CD300C,-4.147662127209524
CD300A,-3.641146467628685
CLEC10A,-3.6563945209448363
CD300LF,-2.4491422408015455
SH3BP2,-3.21236267025503
APOBR,-2.882697703602405
TNFSF8,-2.8310280142603705
SLAMF8,-4.177411356189017
SLAMF7,-3.4974764205179643
ALOX15,-2.147330246284715
IL18RAP,-4.1114325700141485
LILRB4,-2.6706156965222547
PDCD1LG2,-3.159172202578282
AIM2,-2.5075168054334
LILRA2,-2.540484816654464
CLEC4A,-3.7573914233186625
CMKLR1,-4.954972716658077
PLA2G7,-3.7187478030282253
CTSW,-4.101118956318042
FCER2,-3.7034340366576863
CSF2RB,-5.636680937544306
FCN1,-4.180723620853468
LAIR1,-2.7300006843152094
ARHGAP9,-2.7660995506883044
CLEC7A,-3.776294057642371
NFE2,-2.4499256009275796
HLA-DQB2,-3.192287170988607
CTLA4,-3.460263363713969
SLCO2B1,-3.5637281078231826
MYO1F,-3.117347952880369
CD8B,-3.885627411430022
HLA-DOB,-3.9860056899128944
ADGRE1,-4.183928602276958
ADGRE2,-3.5746178451338015
RGS1,-4.666763486726935
S100A12,-3.694575664888355
DPEP2,-3.35053787711627
TFEC,-3.2855260602031424
CIITA,-3.953841863451704
BEST1,-2.9119418401925983
NCF1,-2.795429905195721
TNFAIP8L2,-3.1269958344388598
ICOS,-4.330257703383961
RIN2,-3.243257302939298
CLEC4E,-3.000469562186316
C1QC,-3.6373043411625003
DOK2,-3.7386383737044873
IL18R1,-4.116176965332311
ABHD6,-0.0703126568831606
PARS2,3.731295739297969
ABHD12,-0.293655866382208
DHTKD1,2.59167174623334
ARL2BP,-0.28399436887718826
MALSU1,4.9684646218840705
SPG21,-1.0608044969887915
ABHD8,-0.4297271577600294
EPHX2,-0.43807857878541917
ABHD5,-0.8881287940681737
INPP5K,-1.8817625244232243
SERHL2,-1.0435135406132703
ZADH2,3.452508750637419
ABHD12B,-0.08207317901489403
NFS1,4.452020400022735
ANKRD52,-1.4691578555264653
HIBADH,2.2205508870660005
LDAH,1.549450575846538
CHCHD4,4.649012423608086
RTN4IP1,4.014833755180886
ENOSF1,2.396426777350412
CISD3,4.046442383395885
IMMP1L,4.052342255200524
UQCC1,5.478345124297933
EPDR1,2.6608125167703407
EPHX4,0.12202066112615999
NDUFAF7,4.381096684734812
OXSM,3.9617571359833827
HACL1,3.1835412187943137
ABHD16B,-0.3229456694786536
ABHD16A,2.317896021646844
PDSS2,3.6491098809401437
TRIM68,-0.7875309030920686
BPHL,1.332758634295608
NIPSNAP1,2.8978145600416045
GON7,3.719649195422511
CCNB1IP1,0.6114525997154401
HDHD2,2.9312507291772074
MGLL,-0.4657256261060853
C20orf194,0.01922387571515456
MAGEF1,0.5739823217178551
HSD17B8,0.7123250675659558
MCEE,3.1520705486397818
EFCAB7,-1.4961531666922818
ARMCX5,2.288963949220951
OSGEPL1,3.7311332615863355
ANK3,-3.1488298742561343
COQ5,4.794706543387321
COQ7,5.137997105764859
COQ3,6.668878792656157
OR8J1,-2.4640968716963663
OR10K2,-2.739118954254674
OR8K1,-2.6971031251364077
OR5B17,-2.598035011277035
OR6C3,-2.451068433456831
OR6C1,-2.474212747149221
OR5T3,-2.8595364508847294
OR4X1,-2.909679653816088
GSC,-2.683120546595175
IL12RB2,-3.563775209371082
ZYG11B,0.8833025399191837
DPRX,-2.6008817636348947
FAM129A,-2.7948033334051523
CTBP2,-0.9236225260309081
PRRX2,-3.419640125787636
NOBOX,-2.4463529822236096
HESX1,-1.893121949758777
VENTX,-3.3058943919498347
MNX1,-2.7400387916302753
DLX3,-2.7052633303609817
ANHX,-3.0944021579864947
ISX,-2.3636480194206264
TLE2,-2.6849280388280388
SCAF4,0.10027345356749336
IL12A,-4.083217941496145
DMBX1,-1.7966489699901766
UNCX,-2.258942066694295
ALX4,-3.274495840165583
PELO,1.8611482292182426
RAX2,-2.2037699287863366
CDC42EP2,-1.235334461535714
DRGX,-2.149430810622266
OTP,-2.1923312749094963
COX7B,6.169810086528068
MT-CO2,8.310510686780308
NDUFB2,6.12155549454752
NDUFB11,10.44624375790834
NDUFB7,6.520293306475454
NDUFA11,5.568447033184947
COX6A1,14.503070473781648
COX6B2,1.596623128976227
COX7B2,2.8577184105096256
SURF1,4.696588471267913
COX14,4.357680374026192
COX16,4.169107626114569
MRPS36,3.06056247862695
NDUFA3,4.690052907341349
NDUFA1,6.428010402961539
IDH3G,4.186115757927853
CCDC151,1.089496914367755
COLEC11,-1.6371748381952196
CBWD1,3.0956256585650284
SYT16,-0.772420615551022
WDYHV1,0.9345111109869684
PLGRKT,4.719616438459415
MCUR1,1.8681693846986918
CCDC120,-0.8709871196493695
DIABLO,3.354132116255916
TICAM2,-1.5295199645867459
LHX8,-2.4069570925760795
IRX5,-2.3884175605108537
IRX4,-2.951325086534201
BANK1,-2.7234982884607297
IRX3,-2.4278575378398215
TCF15,-3.1904301543454197
HHIP,-1.746761999062825
TNFSF11,-2.511949815524252
PPP1R1B,-1.89611846961433
SOX17,-2.357850918791834
ZIC2,-2.811595695157487
B3GLCT,-1.5672011313675134
FOXJ1,-3.481563769548922
HES5,-2.141987537847611
SESN3,-1.2777652175516265
RGMB,-1.811903857816822
RGMA,-1.739955580139368
STRIP2,-0.9746218980347082
PPFIA4,-2.2880744833812336
TWIST2,-2.367901841114738
SULF2,-1.6090768835664222
VWCE,-1.4542288965810535
PRSS12,-2.5034300215934473
NRTN,-2.6972002823366155
GDF7,-3.236344452360585
SIX1,-2.8371452488501574
KIRREL3,-2.4013019053983795
CDON,-2.6427293425356044
FIG4,1.14650836653828
C1orf56,-0.8958319228518046
LY75,-2.9409577011361923
NXPH2,-1.428354054129364
SHISA9,-2.445779589338616
WNT3A,-4.164890589163763
MESP1,-1.789267776908848
HJV,-1.6501925194351421
ACVR2B,-3.112115017866631
DLL1,-3.6730766373560817
SATB2,-2.6608795807228627
BMPER,-2.003505040821316
SPTSSB,-1.0468673602543597
GREM1,-3.5821504910711406
APCDD1,-2.2349969280697715
INHBE,-3.810692045581721
BMP8A,-2.223253724019551
BMP8B,-3.1249549185665804
GLB1L3,-0.7622192166445162
PCYT1B,-0.7884170139947746
FREM1,-2.5843053413497836
NPTX2,-1.5709960017781472
TMEM71,-1.8614668468304914
TSHZ1,-0.9439442361034958
PAX1,-4.0920423008067734
IMPG1,-2.061277505331387
SIX6,-5.96123482528452
MEOX1,-2.1710252806913672
THSD7A,-2.004416324293166
SLC35D3,-0.9552590331912428
S100B,-3.3915298837926344
GDF6,-3.2605028033509047
ZFP42,-1.494039345706351
PCP4L1,-3.2837307936331994
WNT2B,-5.281651979817498
CRIM1,-1.7319349857381563
FXYD5,0.4853389682685888
DELE1,1.6371207874750766
BOC,-2.152254595033213
NKX2-5,-3.3631683451336283
WNT8A,-3.810699137968506
BMP6,-4.092729241988019
BARHL1,-2.408392492841156
ZKSCAN5,-1.1905090603678825
SLAIN1,-1.0635668612653832
AMH,-2.9593705218336326
CYGB,-1.6256427636916053
PRSS35,3.4443354922878417
DLX6,-2.9503435306076913
DLX1,-2.5362739625709754
SH2D5,-1.0007646112343105
LMX1A,-1.4327156434861599
HENMT1,-0.8681050816786713
IL17RD,-1.3842558051637432
SOST,-1.910919957693176
SOSTDC1,-2.268353355102545
HEY2,-2.2796604375900635
FOXG1,-2.5753460099942034
PIFO,-1.4105505500598159
LATS2,-2.6606727463924034
FIBIN,-1.90396012293574
GLI2,-4.036958721411829
DGKE,0.9892296258596405
C1QTNF4,-0.9745718098673356
VAV3,-3.3645640612569965
MBOAT4,-1.2862067122999985
SPART,1.0233373026654902
LRP12,-1.8454406268355643
ARRDC3,-1.8651519657058897
AL591806.3,-2.060212878688904
SNX7,-1.6957360004018553
SHB,-2.6008852555823387
AZGP1,-2.4889788878988477
ONECUT1,-0.30401599949483665
DNAJB4,-1.0633254256738158
ST3GAL1,1.3059876288306467
SLC25A24,3.524135272900835
TAGAP,-2.962080848158212
KRT3,-2.727386540017044
OLR1,-3.4609551199255724
NHLRC3,-1.0673088031431606
F11R,-1.5399649997935816
KDSR,-0.8858959901792407
ERLEC1,-0.35030266537748167
LYZL2,-2.2891457869687235
TBC1D12,-2.089754174728676
GRAMD2B,-1.014024416584065
DSPP,-3.3378075263525138
BLOC1S1,3.1540769176400034
COMMD6,0.30557926991309897
MT-ATP8,4.345351823783629
SELENOW,3.069000205460714
MPC1,11.980310572388431
NDUFA10,5.401492727740774
DMAC1,3.1830057336551967
HIGD2A,2.65367794462353
AL133352.1,4.303782765987368
NUDT2,0.9222634946088034
MAGEA2B,1.6440163466928095
TOMM7,4.098212634223119
TOMM5,4.11603491606631
MRPL20,4.726209140235808
TRIAP1,4.035105452420454
PNPLA4,0.01979982398558432
ARV1,2.1056131353356653
GNAS,-1.8402139294340398
AAMDC,2.2593327571951383
ANAPC16,0.8514560332267285
SPAG7,3.9935261344659008
GRHPR,4.0309271207777275
ECI1,3.975619187860881
SMIM7,2.9774235381906
C15orf48,5.145542661714753
BAG4,-0.795225820989532
LETM2,-0.26725544566339726
PLPPR2,-0.13724303832133725
TMEM54,-0.8476538253389064
PLPP5,-0.8084330941980328
ZNF518B,-1.0295251097901144
ZNF521,-2.3318383739075514
FAM170A,-2.510339174658598
VSX2,-2.0209969852431926
SEMA4D,-3.3602200672078886
POU2AF1,-1.6594150262378198
CCND3,-2.7585188264482623
CLEC2D,0.7512856118570187
CD1B,-2.4607547252557205
VPREB3,-2.7347992637783785
NKG7,-4.19170670321133
GZMM,-3.3243054927423903
ZNF831,-2.631007408574638
APOBEC3G,-2.3918905673933404
APOL6,-2.5191608230970486
APOL3,-3.4560955435706706
APOL1,-2.645576256828798
IFI44,-3.0836321580717954
SYTL1,-1.2943605920321626
CHI3L2,-3.7197278823692272
NFATC2,-2.042094675237649
G0S2,-3.544116261290489
IRF7,-2.6529524502064703
CD96,-3.4061891834216773
TMC8,-1.925786196287854
SCML4,-2.3986315785697054
ARHGAP30,-2.436331317400526
CPPED1,-1.5234653106287086
ZNF276,-1.8118366348556794
APBB1IP,-3.4537542196665716
AKNA,-1.6840013317837705
SKAP1,-2.851558802296612
HELB,2.197562365801907
ZBP1,-2.828262215852487
MZB1,-2.4435803599150576
MICB,-2.4789004308457376
LAX1,-3.488521456838787
GIMAP7,-2.367323953382003
IDO1,-4.160552081767464
TMEM156,-1.9620117620565554
NLRC5,-2.8068304589442583
MOB3A,-1.447305754199666
ZNF862,-2.1161493588263403
CCDC88C,-1.5631733363987323
TLR6,-3.8347503217735697
BATF,-3.3032021003958656
PREX1,-2.6952496937972312
BTN3A2,-3.0010455012678836
UNC13D,-1.2263526442718675
SIT1,-3.659392585146325
CCL17,-3.6218988610756764
RGS19,-3.321981154144228
OXNAD1,2.8800186742722174
UBASH3A,-3.153990324020482
RASA3,-2.193876946827251
IL27RA,0.03421716209663163
PVRIG,-3.3087603068563856
C4A,-3.469226229648577
PIK3AP1,-3.3918451456725545
AHSP,-1.8326439001225368
PGLYRP1,-4.304368277031287
HVCN1,-1.7513077521577127
GYPA,-3.0238252695329946
LPA,-2.780892458338571
CCL3,-2.7608761807196425
VSIG4,-3.081302391870242
LAMP3,-1.120861722418219
TM6SF1,-2.169134184943704
CHAMP1,-2.120458576690427
PADI4,-2.523739795237054
CIDEB,-1.233263323275026
CRLF2,-4.3721953532503965
NAALADL2,-1.4087851277298271
FCAR,-2.4384850669590454
IL5,-5.097132008392553
C1S,-3.9845975146990105
HLA-DQA2,-2.2637654343619413
AC018755.2,-2.190809149051509
MPEG1,-3.186142341765282
IL1R2,-0.07892992376373302
MPL,-4.221103178765325
FCER1A,-3.0222493753288644
SNAP91,-0.2500962958723704
CHN2,-3.0119550773330066
NFE2L3,-2.1763439662414807
GSTA3,-1.7385110739598297
PTPRN2,-2.9658762466004904
BACH2,-1.4531493909832822
FAM30A,-2.118923124605716
MAN1C1,-0.9140449540724842
BATF2,-1.6018302359493353
BEND5,-1.3818700505315777
SALL2,-2.1644852875440703
NDP,-4.024988099067827
JDP2,-1.6104397819513878
HNF4G,-2.402101678679033
NR1D1,-1.7020201918906854
PPL,-0.9252180874772087
PIK3C2G,-1.9867928411390015
KCNMB1,-0.5659489902507557
GREM2,-2.8772688267170423
CCN5,-3.304361396791115
OTOGL,-2.760630740900525
CGB5,-2.897855725652759
CGB7,-3.5658340797668737
CGB3,-2.4884023782517244
PDE1A,-2.043349736144136
GPHA2,-1.737906809911338
IGFBPL1,-2.1376291627850508
PTPRR,-3.4204611741034703
TCFL5,0.4844703229866651
TXNDC17,3.954940085668778
ZDHHC11,-1.2170204509733702
SLC27A2,-1.1456058784199288
RUBCN,-1.812715638204386
ACVR1C,-2.2312362542468924
GDF11,-3.40675028426674
ERVV-1,-1.9407748193744818
CAMSAP1,-1.0334978867676823
NPHP1,-0.07739910523791944
BARX2,-3.7351132204213644
MAB21L1,-2.169247784287226
GJB6,-2.0503034320658644
TOB2,-1.6670686528249428
CRISPLD1,-1.244597407551434
LEFTY2,-3.3941526040688723
ARID1B,-1.5643237615523249
HEYL,-4.0672754019650705
FOXE1,-2.976576809832723
MTMR11,-1.9075725124053888
ZNF8,-1.4519162695845382
DHH,-3.2813611341732214
INHBC,-3.838804811832711
ZSCAN4,-1.6379591341624193
PNPLA2,-2.385901409772886
MSTN,-3.2635000505256047
TBX6,-4.758191584385451
CPXM2,-2.23887676485111
VCPIP1,-1.61890792165384
EXPH5,-2.007871577450916
MCM3AP,-1.6511931811165175
GDF3,-3.624779273019978
GDF2,-3.785952851622367
GDF1,-1.8710805272451068
EYA2,-1.8904795595434325
CSH2,-4.674131474112925
CSH1,-4.529698563659991
BMP15,-4.312134197262039
RCOR2,-1.50148819158233
BCAS4,-0.6888009952585635
RERE,-1.0200470126804961
DNTTIP1,-0.6248991075704017
PHF12,-1.8802732582487136
ELMSAN1,-1.0743212326637877
MTA2,-2.34500455746212
MTA3,-1.8890240766224435
MIER3,-1.5844178692403788
MIER2,-2.520652777812494
ZNF827,-1.4387325679573895
GATAD2B,-1.2756298432314936
LRATD2,-0.9904665813598377
PARP16,0.24858837608942425
RPS6KA2,-1.6261045411738462
OLIG1,-1.8558798338562699
AGGF1,-0.7384873484080495
TSTD2,-0.8525824797891914
SOCS6,-2.152596845669142
TRIM35,-0.8905759839189147
TGFBRAP1,-1.2002915174161424
PIAS4,-2.012411682006664
TDGF1,-1.7197052224390734
VPS13D,-1.7737605958236322
ZSCAN10,-1.9937861225009683
NUAK2,-1.6535573061062212
GLMN,-0.12703881329956038
MEX3B,-0.5329946123982316
MAP3K13,-1.7233624301190904
SKOR2,-1.4035401270863888
EPC1,-1.649034951602487
MSANTD3,-0.5573790036215215
THRSP,-1.2338080221423318
PKNOX1,-1.7761094749542887
GPALPP1,3.202961573949518
SALL4,-1.6469673750285052
IL23R,-3.2254071232745427
ELOVL5,-0.7733582910573064
CWF19L2,-0.6431207930681413
GTDC1,-1.665717759137751
METTL4,-1.2097963119129371
NKX3-2,-2.8925651184279433
DNMT3L,-2.5954623110810906
MYZAP,-0.8344554976943254
STIM2,-1.3339703892912977
E2F5,-0.44288154972685095
EID2,-0.5199000213090704
GREB1,-2.0692049334839306
PARD3B,-0.4910729553874891
IL24,-2.4706407792281806
CBFA2T3,-2.0550428203722135
BCL9,-1.4426369303528928
STK11IP,-0.5051334885270983
TENM3,-1.3809211946697721
KDM6B,-3.7060700394024395
GOPC,-1.9663518922324594
RASA4,-1.7220503396523863
TIAF1,-0.9375015663241734
WDR35,-0.9235398700468853
TCTA,1.9965929930775441
C11orf54,-0.20796154282650922
NELFCD,2.0159250288561865
PYGO1,-1.900074625738697
PYGO2,-1.3937616680186429
TGIF2,-1.383639503313494
ZNF652,-2.966975179074922
USB1,-0.6832172456049396
HEMGN,0.4011152085630993
STK35,-0.8939053731705009
ZBED5,-1.061539602847104
CRYAB,-1.6231609341552327
CFC1,-2.720937179340253
ALDOC,1.970622498476606
DCP1A,-0.43241253744906616
RAB3B,-1.7126186036136173
TBX20,-1.6657618920936075
ZMYM5,-1.5783602392163754
FAM169A,-1.3400183013855738
PUS7L,0.6642787938850736
DLG5,-2.5506889630445655
PLEKHO1,-0.861496940843557
PCYOX1,2.6893002259934935
ZBTB8A,-1.7500340505053251
TBX19,-3.461227181531602
VGLL4,-2.2252777078875634
SOX7,-0.38737033835012274
POU6F2,-2.6283195099412513
CSPP1,-0.2552822669013531
LSR,-2.001899148217099
KMT2C,-2.858907215406408
IPPK,1.385566498830058
ZKSCAN1,-1.526378341237903
RFXAP,-1.1087042047348865
HOXA13,-1.9292141758979309
BTG3,-1.325734278422868
HOXB8,-3.3107568604181816
RPS6KA5,-3.0327402308957963
CLIC3,-1.5531395308697507
BARX1,-3.1224931330034393
HAND2,-4.369351187721783
RNF165,-0.9457281869719512
TNS3,-3.0456687624040577
TFAP2B,-2.359825940970512
LOC102724428,-0.8199368029457739
PEX6,0.038889947795954796
TAB3,-1.6842070661523345
ZMYM1,-1.1797128071336693
DIPK2A,-0.987538840951542
SLC39A5,-1.3789674870075483
HERPUD1,-0.9944132405427627
CWH43,-1.6975547753987563
ZCCHC12,-1.0589644390986486
KCNQ5,-1.7272002742568124
SLC39A9,1.6711744684076542
ZDHHC3,-0.4829774614402471
VPS18,-0.7956119563138153
IRF2BP1,-1.2279452425604416
UNC5D,-1.9528222100591666
POLR2J2,-0.20734461631790588
FHL5,-0.9307189198841425
CTDSP1,-2.139992485829941
MAST4,-2.291285857950669
GMEB1,-1.5902229093601072
VEPH1,-0.8453181326539659
NEK11,-3.1747506018052647
UBXN1,-1.1267219464664486
BTBD2,-0.6339339218057614
PPP2R2D,-0.27811758165858014
MCF2L,-1.9679459712883447
BEX3,-0.23145857028695163
RGCC,-1.9596048318433281
MTMR1,-1.9733311580057602
GFER,10.961378158571062
MYOCD,-1.937655062406785
SEMA6A,-2.920062569528508
TPGS2,2.356951259679864
SH2D2A,-3.4278952860584484
C22orf46,-0.6949378462408554
FAM161B,-1.3314128483501515
RNPC3,-1.4115753262469202
FAM83G,-0.6089407498752234
GRIPAP1,-1.4723880543057055
C1orf116,-2.882630354118539
ARSJ,-0.8863828280291852
DPP10,-0.34646805007649883
CCDC25,2.2751088480359907
HSD17B3,-1.4180252672349098
TRIM62,-1.319499821109292
TCEAL6,0.021905484123266546
MKS1,-1.2703862538086057
CORO2A,-1.6625793317150814
PBDC1,0.7059846181466247
COMMD10,2.4509004936322873
LDLRAD4,-1.937599052054539
PTMS,-0.16026016469222162
PREX2,-2.9500709810017076
TAF3,-1.2314008144143076
ZCCHC14,-1.4518108065875401
MMP13,-2.6655231596998608
IQSEC2,-1.385921924890373
ZDHHC4,1.0669501460995738
EBI3,-3.1814202873370134
ST6GALNAC2,-2.07867603952558
IL37,-2.404590590926059
RNASE12,-2.070084232411248
DHRS3,-1.6873203703182016
POU5F1B,-1.7827359857720353
UBL4A,0.7591076307530267
DYNLRB2,-2.400639745617513
GAS2L1,-1.58429813517322
RSPH3,-1.2004766098494581
TNFRSF19,-1.3713254789290727
TEKT4,-1.641698458208544
R3HDML,-1.95868240368152
TRANK1,-3.0068859125556036
C15orf39,-0.7492069151382915
KIAA1522,-1.3007244809179421
BCL9L,-1.760551000365446
APMAP,-0.3608294467676155
CFDP1,-0.3127182297219396
IL36RN,-2.120591281178658
IP6K3,-1.0870655012450343
NOX4,-2.458678599992093
MN1,-2.7760400595890746
TTC9,-1.6769755182095558
KDM5C,-1.9890040220190413
HOXA10,-3.103090833401299
PPP1R12C,-0.18797251359224437
PDZRN3,-2.0839802631152353
SLC9A3R2,0.4516913402956123
TBC1D10A,-1.3556264186428186
SLX1B,-0.30916827006881986
SLX4IP,-0.5045499607875743
EME2,-0.23319899424870402
XRCC1,0.042505124870121196
ZNF500,-1.8179572080144577
SLX1A,-0.4982565929701688
CARS2,3.653131547112108
CCDC130,-0.6001798518841212
FANCE,-0.5758013356450657
FANCB,-0.7840317763238823
FANCM,-0.715912079415269
APBA3,1.2048454744651145
GEN1,2.399224973896459
ZNF202,-0.6763333368979799
DCLRE1B,-0.8098085405613171
FAAP20,-0.5897245031143609
ZNF692,-1.1591344148332605
ATG4B,-0.7576092377974762
METTL21A,0.8323309663634169
WDR73,1.9964972099289415
PCSK9,0.8843710755431766
MECR,3.1093866143097313
NRARP,-1.5974923456267813
AP1M2,-2.2056875579339983
KIAA0319,-2.150455556093526
DNAJC6,-1.3455619376336803
LDLRAP1,-2.2989162340594245
AP1S3,-1.3063176591283365
SYT8,-1.7049102244180865
SYT9,-1.9748229983915115
SLC2A8,-1.979816880111729
SYT2,-2.436430842564239
TBC1D8B,-1.9867775944480215
FASTKD5,3.1554217455354974
SYT11,-3.135888464070537
PACSIN1,-1.9700605978617607
FCHO1,-2.2667180523449613
SNX18,-2.035462995305962
SGIP1,-2.1612298211816636
COQ10B,3.7006597386122304
MCF2L2,-0.9685785769904451
REPS2,-1.1583898543500109
SPATA1,-0.9816180900472091
TGM3,-1.9778947191932497
KLK12,-2.937844524406248
KLK13,-4.792147765097529
KLK11,-3.280855567937512
LRFN3,-1.576434336732037
IL36A,-4.055037107788097
SLC16A10,-1.0169861953181416
DIPK1A,-1.2160736724785783
UMODL1,-1.943474430380715
KLK5,-2.1818529110008575
FAT2,-2.9119904726140646
PRSS27,-2.3474202085433715
TYSND1,-1.6118908771769143
SLC7A2,-1.8909534376712536
SEMA4F,-3.2293037281412165
HPR,-2.738833588552473
PRSS57,-2.2097162048256527
SERPINB13,-3.6022349632004165
SPRR3,-2.1631501787955463
AC011473.4,-2.038315883445206
SPRR2D,-1.974306614288092
IMPG2,-2.496900839462332
KRT78,-1.735482290086724
HTRA4,-2.2220760422389567
TMPRSS11A,-2.1722163648300223
TMPRSS11E,-3.55012591959197
TMPRSS11F,-2.5513297256588556
SLC39A3,-0.8467401733434288
DSG3,-3.6325950061329273
GLTP,-0.9787280941046592
GALNT11,-0.811326753142189
CAPN14,-1.5786077407450116
RHCG,-1.6948757953240416
A2ML1,-1.0709712803989244
DHFR2,-0.29129897700605
GRHL3,-1.965138077168424
GALNT12,-1.1662649511540801
GJB2,-2.3510074069907514
CNTNAP3B,-1.5907342180158408
SPINK5,-2.9133117737675804
FAM241B,-1.054851224475663
ADGRF1,-2.3316467973367394
TMPRSS4,-2.733822904982219
CRNN,0.5619658301560362
GBP6,-1.810569910320013
TMEM51,-1.1997508200771867
FAM129B,-1.3303979586478578
GPAT4,0.6759176037940589
NBEAL1,-1.3316874137655574
SLC12A7,-2.0396440637578124
SLC12A6,-2.8212160778090443
SLC6A8,-1.624521464658706
ATP6AP1,1.0072385399813522
FLCN,-0.678695384173607
AP4B1,-1.2376721553682615
CASP5,-2.3164484358475197
FAF2,0.7585465379178693
USP50,-0.37836849660804006
WASHC2C,-0.8685826624366565
PACS1,-1.5443530812024702
SEMA4G,-3.56439909701838
SMR3B,-3.9583962988519072
PRRG2,-2.79558997700112
ACE2,-2.2957824881306546
DUSP21,-3.514395374291889
BNIPL,2.0395595470852195
IAPP,-3.994772861164354
OR2H2,-0.6526467635772756
CLCA4,-2.101420433189461
SIM2,0.30463433993834094
GJB5,-4.575335793900745
CRISP1,-3.4280116049574625
DCSTAMP,-2.4919189287945835
FUT2,-2.8425471075570963
GSTA1,-2.2148330389526816
SIX2,-3.041679487877839
FGFBP1,-3.1510150042022476
KLK4,-2.2867138292517737
RFX3,-2.9573849650901147
SEMA4A,-2.848056630804246
TMEM40,-3.8693525286648973
LCN15,-1.0792264491897974
STH,-1.080157175358202
NUDT7,1.6839958017166594
SERPIND1,-3.124758527726836
SCEL,-2.5334943176312263
TTC22,-3.734477473347859
KEL,-1.9561237229667185
DKK4,-3.686586254292201
RNF39,-2.3416350003249846
PRSS8,-3.7628630956268427
PADI3,0.5992494997325997
ENDOU,-1.9755846473266505
KRT35,-3.781795824252499
GPR35,-5.0451601267575334
CLCN5,-2.08430754467187
PRSS55,-3.044015389941919
STX2,-1.715966732838794
IL36G,-2.2609348277805665
ECE2,-1.008436447175076
KRT33A,-4.508455048146816
KRTDAP,-2.0492169340725517
SPINK7,-1.763900598466722
SERPINI2,-3.3207181624544178
ZCCHC4,-2.1603998391615784
SPAG11B,-2.7397236904686193
KRT24,-1.844289950956912
TBXT,-4.707050870429882
DLK2,-2.291138881330641
NOX3,-1.5122581013449892
SERPINB10,-3.685490588936138
TMPRSS13,-2.146958734689356
ALOX12,-2.534043341827663
SPINK6,-2.2503553094666815
WSCD2,-4.511782810167536
CNTNAP4,-1.7130834744725039
ELF5,-2.7242694436956856
TMPRSS2,-3.247807894570379
LUZP2,-3.585696736115573
ADAM20,-4.37666290870205
KRT32,-3.8316598330735494
KLK14,-3.9978203493544417
UPK1B,-3.534131921759227
VSIG10L,-1.5231175402959707
FCN3,-2.668949239154743
PRSS42P,-2.3789018021321513
OPRPN,-4.95404762449847
FIBCD1,-2.1289926586386914
SPRR2B,-1.9164315297999097
ZNF750,-1.9930300830919339
SERPINA10,-2.536554514392637
CNTNAP3,-1.7078699374215454
VGLL1,-3.495171558484997
C10orf99,-2.518907302234717
CELA1,-1.9598723371861693
IGFL1,-1.6440435573957963
SERPINA5,-3.4621797494246955
ALOX15B,-3.172749087765033
PRSS45P,-2.1842854760805572
KLK15,-2.598398221125982
PRSS48,-2.192086631405624
PRSS38,-2.6507153916144564
TMPRSS9,-2.1036245191571172
TMPRSS12,-3.2099710428647623
TPSD1,-3.713338815282764
PRR14L,-1.2188636759021512
TMEM212,-2.0743777644648405
TECPR2,-1.4571096311099951
RLN2,-2.966946112308101
GPR32,-4.612945810497256
RXFP1,-3.203879023959273
GPR25,-3.888421777542231
ADM2,-3.3335250844397253
RAMP1,-2.9985537284900414
PTH2R,-3.2960843404907205
RXFP2,-3.294515625812762
GPBAR1,-3.2229302384598233
MC3R,-3.2938473666880093
PTENP1,-3.1813270909691513
SLC22A3,-1.296248329017576
GPR176,-3.5709241094366684
GPR83,-3.229015667313316
GPR84,-3.03783422716709
TAAR6,-2.8087189050871064
TAAR1,-3.1564738096373715
GLP2R,-3.4059565513066503
GIPR,-4.071968401590415
GPR45,-4.000624885169971
CALCB,-4.764182251487864
DHRSX,0.4146972347947527
PNPO,1.7884418005950682
SLC29A4,-0.351922300689828
FCSK,1.532195870213768
ABHD15,-0.4838522463082106
TRPT1,2.7239060820664807
SCRN2,-0.4522622231515565
MARC2,-0.390987105197141
MXD4,-1.6693408734705115
DCXR,2.8107597198234533
P4HTM,-0.9221940610003695
ZBED3,-0.464255117644684
DCAKD,2.21252980136546
NSMCE1,2.2830587253420247
OCEL1,0.1333687618680384
C8orf82,3.8338312304816142
RAD21L1,-2.719418499107465
DRICH1,-2.1532881062552303
IZUMO1,-2.7789638911861116
FAM71D,-2.447506598991013
SPATA46,-2.7605724248230112
ENTHD1,-2.636241286186768
TEX29,-2.544046548657446
KRT25,-2.2149689399081867
MCMDC2,-2.151123582049439
C12orf40,-2.49367451625425
CCDC158,-2.795112491999181
SAXO1,-2.881965751678331
KCTD19,-2.6200881757491787
FAM24A,-2.9538983600379582
CAPN11,-2.991905365041223
AL035460.1,-2.6259824010437676
TBC1D21,-3.411017680285726
TEX44,-2.990055032419961
TSPYL6,-1.4088176523132165
STAG3,-1.8544451663361292
FAM47A,-2.7236347146193953
IQCF6,-3.2582199466431327
TEX19,-2.081712843159445
TERB1,0.38710583455614367
SYCE1,-2.0379056446401114
RNF151,-3.0687839886502735
CT47B1,-1.8337064943551045
CCDC36,-0.534127557987825
CCDC27,-2.2316563606643665
PLAC8L1,-3.0422166146597736
C11orf94,-2.605887011916612
LCA5L,-3.500264059217051
IQCF2,-3.1066111916153973
TCP10L,-2.7064593978807636
SCP2D1,-3.225087732690992
ANKRD60,-3.2433646954250097
DCAF4L2,-2.517349133760796
BPY2B,-1.7733148319436127
REC8,-1.47431505268514
FAM228A,-2.8097923431787963
SPATA3,-3.024621482228044
PRIMPOL,1.8458992446711304
CCDC15,-0.0018487525079045278
FAM161A,-1.7029557810207732
FRA10AC1,-0.20209686772261853
CCDC66,-1.559305046017768
TMEM116,1.1883330036244633
ABRAXAS1,-0.21194177937659064
SCRN3,-0.45140974795010586
ALG10B,3.7571265881714595
DIS3L,3.2294612870797206
FAM149B1,-0.3969390971651806
TBCK,-1.4350221941122676
ZCCHC9,1.4346042182924055
COA5,1.5058564457934123
DUS4L,0.983980001461989
CNPY4,-2.0080758951727176
ARHGEF18,-2.170348797486477
SNX5,2.781273198088582
TRIM56,-0.2004893482523435
MYEF2,-2.125773165264235
FAM117A,-1.5959622207183128
BTN2A2,-2.4526623192146517
SLC36A3,-1.3435926220468133
ZDHHC14,-0.9175235076157395
TGM7,-1.8898684968899295
TMEM104,-0.8367901367563864
ZDHHC18,-1.445248291975897
PIGC,-0.5500862698663661
MAFIP,-2.099267082961945
PMFBP1,-2.848634636332345
SLC38A11,-0.8552471810589528
SLC36A1,-0.2536375004750314
ODF3,-2.369293934958358
SLC38A4,-2.2369118076974983
SLC38A9,0.7276195020154558
SLC38A8,-1.0094532855611507
ODF3L2,-2.702934847648771
ODF4,-2.6223331906923186
HSDL1,0.9058316810166371
ICMT,1.3579323244961001
AQP4,-2.358861677065395
ZDHHC9,-1.0476160625720385
CCDC114,-2.2056587980792033
C16orf92,-2.579546474931732
GDPD4,-1.6574173777021297
REEP6,0.9044844098772492
RAP1GDS1,0.7981286023284152
DCDC2,-0.856322362724167
SPDYE4,-1.3198093332545702
GDPGP1,0.67521915115239
TRIM49C,0.4221563351913925
MCM8,-0.4651077092996509
MRPS17,5.046476567849571
ZBTB9,-1.626389061669468
SUMO1P1,-0.8660135391014577
MIPOL1,-0.35454783444531734
INCA1,0.8686694346510805
MASTL,0.8508733304168636
BCL7A,-1.6608618179473678
GAS8,-0.8136414457494403
PRELID1,3.3403619811926677
CCNJL,3.643001866779823
CDX4,-3.6369500400895793
CCNJ,0.25444045549494454
CT45A1,-0.5268340652646627
TMEM97,-0.0731679032980491
ESCO1,0.5524793041350285
SLC47A1,-1.312996802693578
SLC38A5,-0.3069780428704868
SLC38A3,-1.6808579079654273
SLC7A8,-3.2019603762670603
SLC7A3,-1.2107433886553676
SLC3A1,-1.7394405410721936
ELOVL2,-1.1925515260604653
SLC36A2,-1.0938886416884988
ATP5F1EP2,1.9879435977459103
CLTRN,-1.2616744542248064
ELOVL3,-0.6589127648851788
SLC7A10,-1.466179088775352
EXOG,-0.46360670594896664
TNFSF14,-1.9406393321809865
ADAT1,-0.23322882116856045
AK9,0.046335129828882195
RIPPLY2,-1.6082364729210197
TUBB7P,0.3180775029733298
HYI,-0.9890909283148906
HDHD3,-0.1496451491900917
CRELD1,-1.2240175205193984
GSTM4,-0.8768238143093955
C4BPA,-1.9848530171361007
TMEM222,0.6497060723085414
IDUA,-3.3511863598862552
TRIM45,-2.1569323222537387
AVPI1,-1.8510429130482773
ECHDC2,1.3711539801629813
MROH2A,-2.1332646124383587
ERICH6,-3.065641943060748
HSF5,-2.4537106988939748
PROCA1,-2.8275561307751795
FAM71A,-3.0688691380074684
TXNDC2,-1.8517428762295185
ROPN1B,-2.5442999886951023
TENT5D,-2.8785564467111104
SLC9C2,-2.6668711146615043
C5orf47,-2.585094049786041
PPP1R36,-2.7972322810689016
SLCO6A1,-3.2723895008434565
TMCO5A,-2.5584095919445593
FANCD2OS,-2.892366166978956
EXD1,-2.884233994890451
ATXN3L,-2.955701258833033
CHODL,-2.3426793011828253
TEKT5,-2.8059545894326328
C16orf78,-2.9552432033430955
CCDC54,-2.984391004124082
CNGA4,-2.4502801868132313
IQCF3,-3.1256028101607902
DMRT1,-2.968146739338763
UBL4B,-3.2637355703203093
CFAP97D1,-3.003129496728358
MAGEC1,-2.480441054038703
SLC6A16,-2.8022655402793983
SPATA32,-2.445933967936754
AKNAD1,-2.7784209935179187
LYZL1,-1.8230034261964148
NUTM1,-2.779612770680692
NUP210L,-2.727365990957912
BPIFA3,-3.2302020735526464
BOD1L2,-2.3439791422579295
BANF2,-2.2276681435978105
CALR3,-2.947877532302283
POM121L12,-2.6891690176467664
C1orf100,-3.238672238894508
TEX36,-2.935631259141531
CCDC168,-2.4769984234031637
MGAT4D,-2.8131303309186086
TMEM31,-1.4890844053281345
H1FNT,-2.789954245691093
HORMAD2,-2.410591718965904
CATSPERE,-3.0750032150303714
PLAAT1,-2.61185637041655
FAM9B,1.3824992548045048
SRRM5,-2.6769437927218687
SMKR1,-2.3206427878353586
C3orf22,-2.540004795841374
CMTM2,-2.7852447375432914
SPATA4,-3.2202382685788775
ERICH5,-0.48758768408712416
IGHV4-34,-2.229659619563591
IGLV2-8,-2.1918568475568683
IGKV5-2,-2.207552371485456
IGHG4,-1.9344453508927086
IGHV3-11,-2.229659619563591
IGHV3-13,-2.229659619563591
IGHG3,-2.042475953376607
IGKV1D-39,-2.18048693973557
IGKV1-33,-2.2020210524708195
IGKV3-11,-2.2036482163808917
IGKV3-15,-2.2068547324393233
IGHV3-7,-2.229659619563591
IGHV2-70,-2.229659619563591
IGHG2,-1.9618924009507053
IGKV1-5,-2.156469913742887
IGLV3-21,-2.192228239558815
IGLV1-47,-2.1954753883959865
IGLV1-40,-2.197447091072692
ELMO1,-0.7026048938856974
IGKV1-12,-2.219566366100808
IGLV1-44,-2.1890699133062195
IGKV1-16,-2.2075902160449297
IGKV1-17,-2.1974537529195803
IGLV3-25,-2.208448079083872
IGLC3,-2.378535663099348
IGLV6-57,-2.229992030524803
IGLV3-27,-2.190745365077497
VPREB1,-2.6459823845782595
IGKV1D-33,-2.179962013450916
IGLV7-43,-2.192340753121248
IGLV1-51,-2.18840947771431
IGHV1-2,-2.2246061367862713
IGKV1-39,-2.2017332706703705
IGHV4-39,-2.2296596195635905
IGKV3-20,-2.1994127802940624
IGKV2D-40,-2.2630719280264655
IGKV2-30,-2.2087637585134057
IGKV4-1,-2.204237198929183
IGHV3-48,-2.2324088693881654
IGLC6,-2.3654419591470925
IGLC7,-2.3785356630993446
IGLC1,-2.278772588486694
IGLC2,-2.374155223200191
IGHV2-5,-2.229659619563591
IGLV3-19,-2.198436415389617
IGKV3D-20,-2.218762574018206
IGHA2,-1.496069772352537
C4B_2,-1.9738482633725583
IGHV1-46,-2.229659619563591
IGHV4-59,-2.229659619563591
IGKV2D-28,-2.183153381497597
IGHV3-23,-2.2187887161517694
IGLV2-23,-2.1894129405337783
DAPP1,-3.1881879521829912
IGLV2-11,-2.19588263299913
IGLV3-1,-2.184910766589
BLNK,-2.8280507397287544
FCAMR,-1.7656929961710288
IGKV2D-30,-2.2174799666597553
IGHV3-33,-2.229659619563591
IGLV2-14,-2.200710236614741
IGHV3-30,-2.229659619563591
IGKV1D-16,-2.2141045178452483
IGKV2-28,-2.4446745633225406
IGKV1D-12,-2.206885323723805
IGHV1-69,-2.229659619563591
IGHD,-1.928597384573325
IGHE,-2.1663232407976536
IGHV3-53,-2.229659619563591
IGHM,-2.114578313694349
ERICH3,-2.505064918489472
CFAP299,-2.6906296164425445
FAM81B,-2.5647683000154284
LRRC46,-1.7244155133616887
DNAAF1,-2.9816009474527454
RGS22,-3.0565640917818406
ZBBX,-3.2113156101119693
CFAP300,-2.38076683808187
C1orf87,-1.4459047415222923
LRRC73,-2.409554198349199
DRC1,-2.043240025245782
SPAG8,-2.2302399171061684
CASC1,-2.649175026441972
IQCD,-2.8509936314155775
LRRC71,-2.728940048824792
C1orf194,-2.8085547011947707
CCDC173,-3.116722324473171
SPACA9,-3.4087563668315704
TMEM213,-1.2520847030011988
DMRT2,-1.016047659727841
TMEM174,-1.7157619329966323
SLC4A9,-1.685990722308955
SLC12A1,-2.74367585438469
TMEM207,-1.0394113106112088
ATP6V0D2,-0.6842798790357678
TMEM72,-1.8015181831724951
GRAMD1C,-0.87703945171299
ALG11,-0.23083024152949572
TMEM61,-1.0486406555548093
TMEM52B,-1.2676501194522236
SLC7A13,-1.445632197720339
ATP6V1G3,-1.0382856908644456
ENTPD2,-3.9275564636556974
ANXA10,-2.2651551738436613
ACSL6,-2.5779051215112436
SCNN1D,-1.973931589256589
TDRP,-1.8344911499260625
ITPK1,-2.039437129053205
KLHL35,-3.6616943452990633
C7orf69,-3.0825068065545613
SLC24A1,-2.52270179074444
SLC25A42,-0.053420289706143355
MLANA,-4.97923862577929
MTG1,2.2458694364364575
DPF3,-4.518201592935326
GPR143,-2.912023708062865
POU6F1,-3.4482148533419092
FAM107A,-3.5360909413203774
TMEM154,-2.413928928136739
DPEP1,-1.0756866401212195
MMP24,-4.172416440211843
GLRA3,-3.7347256183687567
C14orf119,1.9027196944992733
UBXN11,-1.3824382477409831
CTAG1A,-0.29522299924158324
MORN3,1.1042380154772011
MRPL41,5.273361321597724
CHCHD1,4.460657165066212
RAMAC,1.020196212347924
LAMTOR2,4.384982457052354
EMC4,2.8123378849516514
BEND7,1.3508182912027018
DECR2,2.6423628936015384
SFT2D1,-0.2449497856958824
PDZD11,2.201315799678451
PBX4,-1.6971693913449057
ARID3C,0.2952654635766536
OCA2,-3.3862813437339
AIFM2,0.28195546212302375
HPSE2,-3.089986327070901
GPX5,-1.8195025983750335
CBARP,-3.779361677256626
TLE6,-3.135693086460645
GARNL3,-2.397959111774508
S100A5,-3.4000541102997532
TMEM151B,-3.3936845947320027
CNTF,-3.2894949998951124
HOXB13,-5.290081749980237
FOXI1,1.0360816411898335
NCAM2,-3.2276426990970797
ANGPT4,-3.3606029569510576
IL9R,-3.8165187938285694
PDE11A,-3.8632610867403554
SAMD4B,-2.1845137223283566
CFHR4,-3.889406402493782
OR10H1,-3.8248054486748666
FCRLB,-2.8424035381637487
NXPE4,-3.979142262954976
SNTG1,-3.432556311013299
AQP8,-3.2322619921336218
GPA33,-4.215143590362507
PRAMEF12,-4.352651202379868
KCNV2,-4.374132935228997
RGL4,-3.9944053741597694
HHIPL2,-3.4591106604000155
PRR34,-3.982120148443165
ADPRH,-2.4857321273561457
CHIA,-2.2016342320761138
LALBA,-3.1544220112137467
C9,-2.4077101603744246
ACSS3,-0.5611093445954567
ADAM21,-4.039199857037857
PEAK1,-2.31147285397145
BPY2,-5.158169062441961
RTP5,-1.4804122273727778
AMOT,-2.3050572712255644
C1orf105,-5.248859615476325
DEFA1B,-1.0107432580180442
AKR1D1,-2.0086800987227456
KCNK10,-3.3302689717481853
TEX13A,-1.00239244841628
RLBP1,-4.253212012829319
SLCO1A2,-4.608905774288148
GPR135,-4.630118745871179
EDA2R,-2.7893314201124126
GPR62,-2.7311762542782994
OTOF,-4.332232196903618
GPR3,-3.7735470100528277
PDZD7,-2.76404633930763
OR2F2,-4.373751829622269
POGLUT1,-0.7719649777765056
EN1,-2.763659692911679
COX10,10.732840028076508
SLC6A14,-2.6468803133186656
ART5,-1.0811159281429434
RAB39B,-1.075886881617099
ARSK,-1.3674706445862321
HERC2P2,-1.4862164534242204
DNAJB13,0.05297052845761857
FAM92A,-0.2871253480665428
RHCE,-2.3791379037888394
STAB2,-3.1846006413968717
NIPAL3,-1.2350945373061868
RAB3IP,-1.8227924825278985
CEP104,-1.237286016919345
PIH1D1,3.2954524728122037
KIF24,-1.5363393599472097
LEMD2,-1.2885507376731915
C2CD3,-2.8374126540118207
FKRP,-0.9785754282219702
LIPH,2.6429245696631107
CEP89,-1.6982573989606653
AJUBA,-0.6658436594536667
CEP78,-1.36573586992858
DPPA3,-0.4943462480976105
SPRYD7,-0.26186978887353773
B9D1,-1.119104877914819
TCTN1,-1.7262427933024207
SASS6,-1.2882812947851232
SDCCAG8,-1.4386847704181176
NPHP4,-2.175318802541352
CEP162,-1.2062316214186715
IQCN,-0.9207009805862238
CEP41,-1.2243679505591742
ALG14,0.3936621278911515
CEP152,-1.885979347461946
PIP4P1,-0.20257539811821018
H3F3C,-1.5098455437016598
AK3,-0.08041846700084533
C17orf49,1.47367319579784
ARHGEF10L,-1.7559252206102693
FEZ2,-0.7900819772577289
MICOS13,10.860086070420907
HIST2H2AA4,-1.140370382918004
AGPAT2,0.2570561404467762
TIMM17B,1.283946594507418
OAZ2,1.830370509866145
C20orf27,2.100822151027023
LNX2,-1.2239691841836795
ASMTL,2.133033377455001
TBPL2,-1.0471377793072343
DGKZ,-0.4487851941604617
TSR3,1.722491171077247
C11orf49,1.4433114169907812
TSPYL4,-1.0184553711000646
IL11RA,-2.8662510534937633
HES7,-1.4156916016267311
TRIM54,-1.1636124706240152
TMEM8B,-1.1061246988127873
CCDC136,-1.866818848043833
GSTA4,-1.1463493722947102
REXO1,-0.3117829426391487
DMAP1,-1.2608201590606156
FADD,0.17553829346113262
KIAA1958,-0.3177806951761098
CNTROB,-1.3370032089823771
KXD1,0.2384572349464267
SSC5D,0.008150604647230128
MAGEA11,1.0356145916227761
MSANTD4,-0.20881223750044545
CDK11B,-1.817635513364796
NMNAT3,0.9799666710745438
SPOCD1,-0.7478835018641428
KANK2,-2.050443294038481
PIH1D2,-0.9008399734888463
LDOC1,-1.502509332041701
NECAB1,-0.8095082344649465
RNASE4,-2.023036159663274
KCTD10,-1.3937307004898614
TCEANC2,-0.7913905315582261
AGTRAP,2.050456508105478
BHLHB9,-1.28718592596494
ZNF526,-0.22468995793220323
KCTD7,-0.9970032395924874
ELOA3,-0.4665959070246609
PNMA5,-1.1497212950141185
HIGD1C,3.5163509099505954
NDRG2,-1.903228100774209
RPH3AL,-1.291651164779466
ADH1A,-1.7675028133807158
SETBP1,-2.6493045778387323
CHCHD7,3.84757342948318
RGN,-0.8772450941768829
NAPRT,2.3019924318692313
TMEM106C,1.8402631830662575
DUSP19,-2.0818533650043656
MEI1,-1.2852919514378893
CPNE5,-1.220690939660419
ZYG11A,-0.671012432028874
GATB,4.316570742503764
MRPL14,5.211174844230015
FUNDC2,3.5692771212417527
PET100,8.724374389865599
INMT,-0.3345005497879087
ABCB7,2.4756111420112945
CIDEA,-1.064616843111646
TOMM6,3.4830624341462126
COX20,10.18661071316135
MAGT1,-0.14765230732065393
CISD2,2.873759571914503
BCAP29,0.17533482382600776
BFAR,0.7939590132396621
TM7SF3,0.14321777457137316
CSNK1G1,-2.648364571122172
MOB2,-1.4492648952169283
YEATS2,-1.3645011648833636
AC129492.3,-0.836327267554147
DUOXA2,-1.2692463185724157
ABCA12,-2.0353953446410182
ABCA13,-1.0685564243977488
DUOX2,-1.716941733398366
NOXA1,-1.4761011185738513
MMP16,-4.71200051954081
DIP2A,-2.0197277392531405
CCDC144A,-2.0253171310901155
BTBD18,-1.8349474513054387
FAM189A1,-1.6111333832945625
PCDHGA10,-2.319188969486033
SPTLC3,0.28991667495316226
CXorf21,-1.6082855088278556
TM7SF2,0.20026141974802011
IRF2BP2,0.6641119553701701
APOM,-2.583371789319761
PTPN3,-2.917643597651183
B4GAT1,-1.2400119640757563
DNAJC12,0.6584275812738961
MPND,2.7335019931950564
RMDN3,2.64633204006531
TIGIT,-2.493715179521412
SIRPG,-3.3423850418101226
KIRREL2,-1.4623884541754706
SLFN12,-1.8765792089552105
SLAMF6,-2.555850324504578
KLRC3,-2.2282141693916837
OSTCP1,-2.1902057490474363
GIMAP1-GIMAP5,-1.6176572086294247
LNPK,-0.25853920153987936
VMA21,1.6616947630510681
ARSF,-3.1194057045632757
TMUB1,1.436587562247992
TNFRSF25,-3.8139250582526865
TMEM42,0.5959076717050342
PDXP,0.6281299455616822
CLBA1,-1.813253301269023
CDKL5,-4.421126260573734
HOXA4,-2.5689696271059446
KIF25,-2.692960650536737
CTXN3,-1.530168728472027
AFF2,-2.7513975591459734
TRPM6,-2.665286863746331
RSC1A1,-4.683182794800202
MS4A13,-1.9311949304410159
CRYGA,-4.4350273964189375
DLEC1,-2.461382136597918
MPZ,-3.8484142619216044
RNF122,-2.8456384316069574
SQLE,1.3480657563923895
L2HGDH,3.2948920597223976
GGTLC2,-0.6457108996755049
PYROXD2,1.4573080719670195
LIPC,-1.1130179725640441
AMACR,1.181064399171792
ALDH5A1,1.0402729874597063
ADHFE1,1.499781561592029
CEL,-0.9641823305100355
GATM,0.9452422687931741
MT1G,-1.7683521471340662
PAOX,-0.2469729641935885
ITIH3,-3.1323894245699577
GDPD2,-3.2109588823708695
EPB41L4B,-1.4292769662703204
SLC35G1,-0.7184225688316564
HAL,-2.6703348260893236
KMO,0.0003032957904602792
FTCD,1.471273009780402
OGDHL,2.6318445594857485
SUOX,1.905792047497312
ZBTB7C,-1.0386834544885295
AADAC,-1.6896278787278292
ABCC2,-0.814820261018594
PECR,0.4040188167696254
CRABP1,-2.3456746220146703
PRAP1,-1.6586723176508102
ELP6,0.47007216095934296
ELP5,1.8371003647697268
UROC1,-1.0316182541502223
AMT,3.2169895943234654
KDM1B,1.0526805814300466
UGT2B15,-1.801763757620104
IL4I1,1.6057126752155428
ADH4,-0.9986984524785019
C21orf62,-3.5962900263651307
ODF2L,-1.263745019763679
CRYM,-1.2512026941387422
CCDC116,-2.227519703800045
ZDHHC19,-2.0805791796266364
IZUMO4,-2.477126303531001
MROH8,-2.5890030556116432
TEPP,-2.4047630775672397
CTAG1B,-0.7154072935466427
C2CD6,-2.7344502720332424
HORMAD1,-2.6453651766034016
USHBP1,-1.287222605408658
IGSF11,-2.0555589206563187
C10orf53,-2.036679981916368
DSCR8,-3.1405892353698426
PFN4,-2.345009324276564
GLB1L,0.33358047085449005
RNF113B,-1.5068318009051858
TMEM202,-2.411545061925884
OOEP,-2.237347845081773
SPATA31E1,-2.426073614719209
GOLGA6L9,0.014645671517695327
C8orf74,-1.7775483417469773
STPG3,-1.9437241504611102
C17orf64,-2.9474053247822396
VCX3A,-2.678207091228228
KCNA10,-4.091759081946181
MEGF10,1.7273958324900205
RASA4B,-1.8626604765192023
TSPOAP1,-2.418688579106131
GYG2,-1.3041731198663267
TEX45,-1.7244185548268747
TSPAN12,-1.7504506265516568
NLGN4X,-1.9779187731388645
RAB3C,-1.3984038601331197
UNC13C,-1.335650370551827
GULP1,-2.1374228734527025
CCDC40,-2.578447445554897
CFAP53,-2.6504771788133077
SPAG17,-2.1735361449339923
RSPH9,-1.4609405768146446
DAW1,-2.4082344295128486
TEKT1,-2.135124720901057
RSPH1,-1.564459825163658
TEKT2,-1.477557409268369
CFAP100,-1.9826270290139325
TEX26,-2.7679465776374
DRC7,-3.0330323617251156
CCDC39,-1.442606190922566
CFAP43,-2.2427251464108404
LRGUK,-0.9382061206508056
TMEM95,-1.8983407696553931
C20orf85,-1.5577116391570465
CFAP52,-1.3376333957882514
EFHB,-2.54664721783339
KCNIP4,-2.543647268988096
ZNF462,2.707949110845622
TGDS,1.0269267508226727
ZNF280C,-1.1701399702018411
YPEL2,-0.6134120523976643
C1orf52,-1.0933628570751497
UIMC1,-0.3041439462093099
TANC1,0.25700883779481265
EDRF1,-1.558798595930413
PFKFB3,-0.3823432142678379
LINGO2,-1.7547066129724402
SCAI,-1.3441442059387108
HILPDA,-0.8414431947765282
ZCCHC2,-1.981577220379493
PCGF6,-1.0854409545394905
ANKRD37,0.2792883962715664
TMEFF1,-1.3342047197265776
AHDC1,-1.5918404653497806
BCL10,-2.910901744393866
CCDC112,-1.199713270459694
LURAP1,-1.2044943244352286
TESMIN,-0.9531307611481438
PM20D2,-0.5382527082667325
REEP4,-0.19512576007091414
MAP7D3,-1.4053928447633497
FSD2,-0.26976636220007316
TEX9,-0.8960630883807427
CFAP97,-0.47694674653048025
USP17L30,-1.1050611367748715
USP17L2,-1.0775308605659515
USP18,-1.9492242142805314
USP17L28,-1.1050611367748715
USP17L29,-1.1477147839613084
USP41,-1.2792401519761636
USP17L27,-1.1050611367748713
USP43,-0.7826466166536025
USP30,-0.8064088924429784
USP35,-0.9889574458090651
USP53,-1.505443389769878
USP51,-1.2011373640134564
USP40,-0.9873092666573677
CCDC110,-2.6435429106243333
TBX22,-1.9764973383168893
EQTN,-2.972810775371877
CT62,-2.8501275732162856
MYCBPAP,-3.1045328053508006
PDCL2,-2.7852195952955316
C7orf31,-2.1511057326663408
ZNF165,-1.908100794200473
C6orf201,-2.85493833866734
NUPR2,-1.8126190457263702
GKAP1,-1.8616542602558928
DEPTOR,-1.5407872429050713
SPACA3,-2.9850674245679656
MEIOC,-2.519013774358427
LRRC3B,-2.3174846712132724
OSCP1,-2.1249660177786565
CAPZA3,-3.066020351122388
PPP1R1C,-2.5280328130685814
FAM220A,2.4793161744001875
NT5C1B,-0.8804524718492271
OR2C3,-3.343717429035109
MS4A6E,-3.42810977695135
C2orf73,-3.129690908742712
FBXO39,-2.881896688110934
ABCD4,-1.081689122559315
FAM234B,-0.8579198990649434
DLEU1,-0.3923945893415235
RFPL1,-2.0666444092211362
ACSL5,0.7325436257603073
ABCA7,-1.6428030631660981
ABCC11,-1.111359382889935
ABCB5,-1.1316860835347307
HSPB2,2.4024018301520162
ABCB4,-1.9050163455915992
MMACHC,0.7609458240874749
ABCC12,-1.387455429375458
ABCA10,-0.9273040455183627
ABCG5,-2.0742527456285864
ABCG8,-1.4788046391079106
ABCA6,-2.1166694381449656
ABCA9,-0.7694152269305827
MRPL44,12.043279847070815
CCDC43,2.481884950226272
ZBTB8OS,3.4451252064813076
ELOA3D,0.6430655646798542
TOP1MT,-0.7410815124263649
ELOA3B,0.6430655646798541
RUBCNL,-2.6185021973055917
PNMA2,-2.0637288082115828
RALGPS1,-0.9322805650466746
SHROOM2,-2.3390942013795812
NPAS2,-2.6082177180985804
FXYD4,-1.6483693343901027
KCNU1,-3.2028045814378383
SLC9C1,-1.7482414512486455
HCN3,-1.2831473935594877
SLC9B1,-2.8502727086725033
KCNG2,-2.592933443910508
SLC9A4,-1.7305977167356028
SLC9A7,-1.5800362662298582
SLC5A10,-1.5027734337164476
KCNK18,-1.8798626564268406
KCNK17,-1.969744779023177
KCNQ4,-2.857058557387479
KCNK15,-2.5356784044107297
NALCN,-1.816541531749289
PNMA8B,-1.606076017989406
SLC4A11,-1.6072481191137806
KCNG1,-3.020799373824816
SCN11A,-3.152137958634856
KCNG3,-1.5300021820854406
KCNG4,-1.7672417623021681
SCN9A,-2.668377129226449
KCNK4,-1.9521423503537862
KCNK7,-2.6746749081164567
KCNK2,-2.1557549601103676
KCND1,-1.4647237600840337
KCNJ16,-2.6723592499549103
AMY2B,-1.224973973577341
P2RY8,-1.29803914599204
SCN1A,-2.9726012382746005
PRPF39,-1.956797574128159
SLC25A22,2.210296557828379
CTSV,-0.8865451213860097
HCN1,-2.1108515935007306
SYAP1,-0.08888510051201226
AKAP14,-0.6695919172779249
SARM1,-0.8060189705584595
LYPD6,-1.3884781604736045
LGR6,-1.6073335579599475
PPP1R3C,-1.1311675769185743
SCN4B,-2.4900351571187946
RAI2,-2.2526032407188135
SLC35F1,-1.2483374100232822
SCN1B,-3.269520460745239
STXBP5L,-3.5881392049311596
ANOS1,-2.702393961986774
KCNE3,-1.6839048694825276
PSD2,-1.8379546480611761
LRRC6,-1.9193682926081304
NACAD,-2.2913446216153193
TMTC1,-1.2797958292131424
KCNN3,-2.812922217722063
TSPAN7,-3.070750625128781
SCN7A,-3.053127718256313
SEMA3G,-2.529643149189202
PCDH9,-2.7008044528579274
C2orf40,-1.9782425745921428
HIPK4,-3.0130026881756122
SLC6A6,-1.8825093415076108
SLC28A1,-1.6356225250781868
MBOAT7,1.683033199234804
AC004691.2,-0.935746302840375
LRRIQ4,-1.2064800100488673
TSPAN13,-0.35630989239934696
ADGRG1,-2.0014049489156767
TMEM9,1.330160815383134
FLVCR1,-0.8977993623543595
ANKRD42,-0.9253951942896838
MAP4,-0.747770433169288
ANKLE2,-0.7412898796561
SH3D19,1.642836296422495
PIP,-2.0422574485925375
EMC10,-0.2879594850404181
KCNMB3,-4.281551498156559
MAPK4,-2.171456096040552
DHCR24,3.307193461017114
ABHD11,1.505614426636419
DTX2,-1.6292922644544967
DHRS4,2.458766343748275
DOK6,-1.5895438911658835
VAC14,-1.4727846764842047
ACAD8,1.6589914699055668
BOLA1,3.251601015750294
GUSBP1,-0.5266550093168636
GRINA,-0.7516253083348
TIMM29,2.076936453105812
HPS6,1.1622621178517067
VPS9D1,-2.034812349087016
SLC12A9,-1.9720494444800918
MRAP,-1.2962532249100562
MEGF8,-1.5782037181517217
PRR5,-1.671549684980166
ZNF580,0.24295216597645847
TRIM74,-0.5377926221204317
LMF2,-0.913099233599727
IP6K1,-1.3116874013570319
KCTD13,-0.6256375283738109
DUSP8,-2.7424670089987506
NHEJ1,1.0473298972548521
ZSWIM7,0.33918758931222576
SURF2,0.2060912081316022
KRTAP17-1,-1.188926876566932
TMEM229B,-1.1034586179170642
RHBDL3,-1.2526441963174058
MUCL3,-1.3595551431814539
MTHFSD,2.0354321583018344
MSMB,-2.0824110083984473
DUPD1,-2.3335347072910295
ANKRD22,-1.3347127890595785
HMCN1,-1.1773173580503913
PLSCR2,-2.4442319404636415
CAPN8,-0.9411995503678183
TBX4,-3.047851336013882
SLC10A7,-0.9332828563580805
ATOH1,-3.378095270210782
EFCAB11,-1.6519329140596077
GALNT18,-1.4226745428531407
ZNF850,-1.0659770968885753
SBSPON,-2.0220451591922313
SEL1L2,1.3820612454439378
ZNF469,-2.318172702286616
ZNF578,-1.2944225631023494
ORAI1,-1.5348091547136233
CNGA1,-3.2182799651098675
ACER2,-0.7108640623742233
ARMCX3,-0.48164480813397875
SPHKAP,-1.5078800166527768
RELT,-0.9156722255896482
PDZK1,-1.6747617072932275
CH25H,-3.0474882453982
AKR1C3,-1.3886568150382264
PLPP4,1.2679740379952604
IER5L,-0.8209171972110977
SOWAHC,-1.8744992909218015
ASAH2,-0.6228202385437702
AIF1L,-1.0585933040087474
TRAC,-2.641452627223386
MBTPS1,-1.486573521365815
TRBC1,-3.155468220407886
SGPP2,-0.8017598691476285
DGKH,1.1125173773625527
DGKI,0.44335922750794843
KCNE4,-2.5215119575906164
CXCL14,-3.778491739041296
ANGPTL1,-2.3341120395058486
ACADL,1.1613814477607043
PCOLCE2,-2.382100695400425
MRGPRF,-1.8094991592309688
C1QTNF3,-1.4661929084539453
SLC39A12,-0.795644842199113
SLC2A6,-1.1979837687807076
ZDHHC6,1.5066238838889983
TMEM138,2.3690138942558847
H6PD,0.3433393748890076
GALM,-0.40697759777516546
C1GALT1C1,0.2785673342070787
G6PD,2.1724135771172013
ZNF655,0.5541693242107397
UBL7,1.236347586280459
FTO,2.262270640523904
SWI5,0.6198398651671849
CUEDC1,-1.03232077720804
CHID1,1.3379378595732414
DEXI,2.312427833418542
YIF1B,0.07371383136569135
MIF4GD,3.138318822551625
C1orf50,1.7175747442187899
VAMP5,-0.7191681524487062
NRM,-0.682074995214145
VPS11,-1.3851020662243347
TMEM205,2.582624621253276
THTPA,0.5580160180465205
PKIA,-1.3546496363476115
HDHD5,3.6832320297348313
ACOT13,5.102386638850656
DXO,0.6020909313493412
APOBEC3D,0.6459286542983739
METTL3,-0.3163680353581693
SEPT8,-1.6182485064628818
IL31RA,-0.5249234156195915
MRPL38,2.4758874092685708
SESTD1,-0.7319342325758175
RBM24,-1.4292355690326777
RBM20,-1.5394014164634615
BSDC1,-1.4687724014557935
ZBED6,-1.733047813513051
C9orf72,-1.628886315409745
CPEB1,-1.172333856279797
CPEB2,-1.1106723137578705
C21orf91,-0.989793117597868
C11orf98,-0.4010890868818807
FAM184A,-2.548736278964311
GAN,-1.4009998913362864
GBP5,-0.724884947987898
METAP1D,1.320813532971735
NEURL1B,-1.0724851307064742
TACC2,-1.649706362010182
USP6,-3.2066838289912227
C14orf28,-1.3093821913366466
FDXACB1,-1.7079506184033937
RBMXL3,0.731321614248056
SEMG2,-1.0763497860208047
DAZ3,-1.0595461021535668
DAZ1,-1.4584206736516672
DAZ4,-1.3719164295251292
RBM44,-2.024471877775972
KHDRBS3,-1.6574960021759189
WFDC3,-3.1435111790350847
EPHA6,-3.2036715326538285
OPN5,-2.998055244307472
CCDC185,-2.547567443834728
SPDYA,-1.6708418831869012
GAB4,-2.1614871792536428
GALNTL5,-2.548050040675098
TPD52L3,-2.57322116550884
C4orf45,-2.5571899577915245
DAZ2,-0.8654211064555493
RBMY1J,-1.379229871575229
RBM11,-0.7371668389043549
RBMY1E,-1.6113819491301853
ACCSL,0.5947428330975439
ARMH1,-0.5285214686511887
CNDP1,-0.6756789358346215
ETNPPL,-0.29192111413093513
DDAH1,1.4751432754356386
SEC14L4,-0.3402699753872316
HSD17B14,-0.8497517205461239
BBOX1,-1.605074204999287
KYAT3,0.9345145242709219
GOT1L1,-0.6600577771545092
GADL1,0.6687217057301
FAHD1,3.02882019961791
ACCS,3.615502701228905
CARNS1,-0.6921447533905797
IDNK,0.5896511013519302
PHYKPL,0.042025836475381086
BEX4,-0.5041605742097457
GPT2,4.422564524748664
CDH20,-3.61379832139918
FRK,-1.7505387788325946
CDH23,-2.0005575859112565
CTNNA3,-2.3510564604108817
PCDH10,-2.1783104863561107
MFAP3,-1.8736000446971088
ANKRD26,-1.236513597496622
TULP4,-0.5590366083229152
DLL3,-4.2843174506131065
PIGL,-1.1812283993313633
GLYCAM1,-3.958877953170146
FAM98B,0.7061922662806405
CRYBA2,-3.4309129499429734
ASIC4,0.22528367182501927
ZC2HC1B,-2.751244015947885
FRMPD1,-2.6155993674968605
EFR3B,-3.808430001700636
TSPAN16,-3.150416726003709
ONECUT2,-3.421750170237824
CADM4,-4.261999303128494
CNBD2,-2.6182567263177283
SUN5,-2.6582154907214246
MATN4,-1.214762257405624
MOGAT3,-0.9027449366959505
DEFB129,-3.277410642626331
LRRC72,-2.478354301071064
APOBEC2,-2.867363774838091
AFF3,-3.8068723871034096
OXCT2,0.2704727170685791
PDE3A,-2.3610050306212984
ADAM22,-3.533451403301091
ZMYND15,-2.4653559024058262
NPAS1,-0.20269685247850058
PDE6A,-3.7964335671061904
POU3F1,-4.862590675430536
FAM166A,-1.5352276898987969
RDH16,-2.513991641188241
PRH1,-3.239509447071554
FNTB,-0.9589537850440829
SMIM23,-2.89910411418973
ADAM7,-2.861106443613785
PRM3,-2.6279817781893215
SLFNL1,-2.736858602457953
FAM83E,-3.003693668645064
KIAA1211L,-4.565743129006609
USP19,-1.9859326076437689
CABP4,-1.9914276317755788
NRROS,-2.003508477169467
ARL14,-1.5129533357696396
PIP5KL1,-0.07657334226831394
RRAGB,-1.2726694292855698
CPQ,-0.27448034395808024
HNMT,-0.24816724387285538
SFTPD,-3.646648781824132
SIGLEC14,-2.0800632388421567
TCHH,0.773164076659021
ATP11A,-1.280796216985225
GRAMD4,-1.2241464951778627
IFT22,-1.25773017234233
IFT20,-1.181479497171652
UBXN10,0.4300260680862217
TTC30A,-1.1478556487548393
TTC30B,-0.8448840970600162
WDR60,-1.2214205139936365
WDR66,-1.4773634943365987
WDR53,-0.7795282914742573
TRIM59,-0.5536701011640761
IFT43,-0.6329295781628983
KIF3B,-2.136909318274072
IFT52,-0.9085397492200453
SNX33,-1.4714409127815302
TRAF3IP1,-1.2061890866119176
TCTE3,-0.8851024268524854
TTC8,-1.0195552596311659
BBS7,1.1701062573405123
AL136295.3,-0.4239266637592687
DCAF8L1,-0.712865880664515
IFT46,-1.1027777194972406
TTC26,-0.8604385143963097
PLXNA2,-2.3476463855389227
WDR91,-0.9856079905963393
IFT122,0.9046115252955185
IFT81,-0.5159455615170508
IFT172,-1.5297937664657935
TCTEX1D1,-0.7667533513973764
C12orf54,-2.679900046214037
C9orf50,-2.8332286351549802
TEX47,-3.320731423303092
GOLGA6A,-2.1343037097688167
LRRC74A,-2.4272449607024824
MBD3L1,-2.763633137266216
GGN,-2.606082036305689
ADIG,-3.008594616748962
CDRT15L2,-2.390158660996071
FAM181A,-3.0111522050832527
FAM170B,-2.454981977779052
GCNA,-1.154662382651187
CXorf38,-0.660369251358542
CFAP70,-1.4121437278918156
FAM160A2,-0.5544228078261113
PKD2L2,-2.116604867780388
PKD2L1,-2.66361829112591
CCDC148,-1.315342626092285
WDR63,-1.867540393044491
IQCK,-1.5698016250853255
EEF2KMT,0.25327347996235317
TTC12,-0.8828681392342048
CASP14,-1.7362507195948855
SAYSD1,0.5015819566009841
NKX2-2,-3.6658079900113494
BBOF1,-1.719060202695969
IFIT5,-2.7261519119337883
NEK3,-1.5738866344974263
CCDC121,-1.9167202289633634
BCKDHB,2.2981005922302478
TTC6,-0.9848923907083915
KIF9,0.15340132234312473
KIF7,-2.309606948968623
IFIT1B,-0.4815768769100817
EFHC1,0.34585027004998103
TBC1D32,-1.1516537131424094
BBS12,-0.04959967896067137
TTC36,-0.6430539120384177
CCDC181,-2.142972978496984
DNAAF4,-1.2053927899589452
CDKL3,-1.4694668461100011
CCDC146,-1.430102198075354
MOK,-1.958786377032749
CFAP69,-1.8734042726253843
FANK1,-2.4822799077600144
BBS5,-0.6582831564565106
HCFC2,0.06569596567958297
BBS9,-1.0154101629794572
BBS1,0.9270125566662484
BBIP1,-0.5968041777802032
TTC21A,-2.114385374798394
NR2C1,0.22302832883480242
TKTL1,-0.43192612007360187
DOC2B,-4.4586230102448505
APOA4,-3.0250010430186363
APOF,-2.283673440005298
LCN1,-4.0026743134496705
LY6G6F,-2.727052986247843
SLC17A9,-1.4929553956903427
GCSH,3.6131569252732296
P2RX3,-3.0476484276813647
FOXRED1,11.71403344682344
PFKFB4,-0.6395957669301282
FGF21,-3.892651144343952
TMEM217,-0.3629620779169074
TNFAIP8L1,-0.4656436739164184
CINP,0.8832462611935572
FAM200A,-0.9837889184157054
ZNF789,-0.8322165899579882
BANP,0.16228795411782918
ZNF718,-1.4611117033721268
PNMT,-2.816637915467385
ZNF394,-1.762511045663496
PSKH2,-2.009910438485905
GSX1,-2.3045020237686713
SIM1,-2.9662705023615623
TGIF2LX,-2.0459846649754154
IRX6,-2.254633261677987
EVX2,-2.2086116850914252
NKX6-2,-2.3102355522006466
TPRX1,-1.8298098624217123
DBX2,-2.034138060290164
GSX2,-2.344707487548595
DUXA,-2.2468932563455346
LEUTX,-2.1340063666835443
RELL2,-0.37177016156723075
APOBEC3B,-0.5583382960328891
TTLL4,-0.9910526932238074
TPH1,-1.5380271191133894
TMEM177,2.401689471861811
TMEM171,-0.7754844775953775
ZBTB8B,-0.9478760623581498
ATRIP,-0.7987372781868225
CCDC138,-0.7607837509656985
CCDC18,-1.4516747725946122
PLCXD1,-0.8622045169418533
DPPA2,-1.0083064931093046
FAM111B,-0.2695161962880142
SREK1IP1,-1.0325537222620687
MGME1,13.185040162632829
TEX30,3.094196560812581
ANKRD36,-2.4232870905411086
PELI2,-2.1470139310243526
LMO3,-2.2040930004360724
TOX,-2.9557374421840263
SPZ1,-2.9325572642638438
EPYC,-2.6152097180220863
GLCCI1,-1.351848604443054
PAPPA-AS1,-1.5626136379777869
SPANXN3,-0.5413860467516958
FOXO6,-1.4723294859493117
FAM76A,-1.3563709647763043
CCN6,-1.3668887021004916
GUCY1A2,-2.172604394445278
TLR10,-2.3134839193539154
AL355315.1,-1.8737508615740164
TUSC1,-0.042824679780848196
SPINK14,-1.927546928678993
FSTL5,-1.8359604234767204
SLCO5A1,-2.357181585978755
SPINK9,-1.8328436663379124
WFIKKN2,-2.037715439606599
SPOCK2,-3.2071170586415296
KRTAP10-6,-1.8215387206541704
LRRD1,-2.2138636023973444
HOXD12,-4.799322675621602
ZGLP1,-1.6396733809894384
MAGEA8,-0.5973212813369603
FOXN1,-3.460140896289725
ATG4C,1.5193390575895274
MAP1LC3C,-1.2834261025140807
ATG10,-0.5806627975535992
GSTA2,-1.2585816654001232
TUBAL3,-0.5795375850403474
LRRC14,-0.010524698916718086
SYNE3,-2.0178911760972644
FYCO1,-1.3287863624290221
TECPR1,-0.7451157417298477
ATG4D,-0.847010439782383
VPS16,-0.9999944603687992
BOD1,1.856005058955487
C1orf220,0.6782973040492901
ERI1,1.779058634059657
FUNDC1,-0.15117125363535844
SLC25A43,0.40489556749395816
MORC4,-1.1948386164895815
TMEM164,-0.907457730086322
THUMPD2,2.35483411537322
N6AMT1,0.6997117736103753
METTL2A,3.1187779484286624
NDUFAF5,8.093104939732854
TGS1,0.06189010980785418
RPAIN,-0.05747497353286191
CDH22,-2.7221542899609106
PCDHGB3,-1.7328903121662311
PCDHGB7,-1.7689891998443996
PCDHGC5,-1.8605485073666443
NRXN2,-3.037519483108698
DCHS1,-2.9916880798421417
PCDHGA8,-1.846955003090207
PCDHGA3,-1.9740190696340896
PCDHGA1,-1.7911509678051358
PCDHGA6,-1.7479596501865926
CDHR1,-2.6735100833945946
PCDH15,-1.8604007875774395
FABP6,-2.810622435117877
PCDHGA2,-1.7674964791662744
CELSR1,-2.501791931113879
PCDHGA11,-1.4687107908262447
PTPRH,-2.9485767091881105
GPR42,-1.2685151547073805
GPR75,-2.4707612294999413
GPR78,-1.7874116208326136
GPR141,4.241099107495629
GPR88,-2.494972878415825
MRGPRX4,-3.0030225838823355
MRGPRX1,-2.6230022596448364
MRGPRX3,-2.8134661148684312
MAS1L,-2.6520604019764322
MRGPRD,-2.3576020723358764
GPR39,-2.173038216278018
LHX5,-4.411747852733551
TPSG1,-3.131394044288905
FERD3L,-1.3066714583756773
TRIM46,-2.138962128910628
CUX2,-2.1467905396266054
ARHGAP33,-1.5930386580862288
SLITRK3,-4.0291294359689065
IFNW1,-5.584101096760031
HOXB2,-2.0784198754160337
FAM153A,-2.609782390426511
ATOH7,-2.1252638337020304
HOXD11,-2.6300348049697995
MYCL,-2.922349541021195
MYT1L,-2.9557824826654757
FOXB2,-1.1433848909852822
NR4A3,-3.8069838938983676
EBF2,-2.658822607901201
HOXD1,-3.1016343326930227
GYPE,-3.0572297067952374
VSTM2L,-1.5381029218016735
TBX1,-3.922914109788949
PIEZO2,-1.8744124987887183
ACOT11,-1.473797618045052
HOXC5,-3.175844378534035
ASIC1,-3.1118735407518257
KCNK9,-1.8731640931960465
SCMH1,-1.538672967057119
PHACTR4,-1.539851882176577
CAPRIN2,-0.8852489035540622
BRD8,-1.1063644233794439
JADE1,-1.6153696621029516
PTPN9,-1.9387323759879966
HMGXB3,-0.924036772738715
DIS3L2,1.3220640365702734
HECTD4,-1.7616951906406173
MICAL3,-2.413520754963445
PHC1,-1.4486424154602817
PRRC2B,-1.5952217542558649
RETREG3,1.6692520953355585
SLC30A8,-1.2021658629875458
PARD6G,-1.820729156559836
MAGI3,-2.424096163968502
ANKRD45,-1.7425385196178307
LRRC9,-2.1658901214751967
CCNO,-1.8535644413563028
ZNF215,-1.2536743430368533
ZSCAN5A,-1.3052270728468205
ZNF628,-1.1470938086245375
GLIS3,-1.4234348874312495
TJP3,-2.4958118135009255
SLC22A12,-1.2102606045369864
LRRC52,-2.578976351192947
SGSM1,-1.631840700384296
PPP1R42,-2.3128880555571336
ZSCAN31,-1.352818439980258
PPCS,2.633688759395998
TGM5,-1.6272444174208274
SOX15,-4.39428320022399
CLEC17A,-1.851217911596486
PSORS1C2,-3.058912516928469
STOML3,-1.0301389030356773
SCGB1A1,-3.647293161208406
KRT81,-2.9719113599506013
CRTC1,-4.162689782022566
KRTAP2-2,-0.8675787179391129
PADI1,-3.164514256751984
ORM1,-2.8944027249570747
FAM20C,-1.8208389009180783
PRG4,-2.946435371264085
GHR,-3.7398777055920993
MT1M,-1.7040056732716922
CFHR3,-1.8260074875729422
CFHR1,-2.560800244819039
F13B,-2.1765617249081255
C1RL,0.4945200594277147
A1BG,-1.9602001344110365
C8G,-3.082950666066479
CLMP,-1.2687951627924592
MRC1,-3.5248142235474957
SMIM1,-1.4344097740838462
MBL2,-2.158362120862488
LEAP2,-2.0593429891873525
EPSTI1,-2.2483557189219283
SSC4D,-2.7392088489542847
CFHR5,-2.4073490878934383
SCARA5,-1.2973598129716686
LOXL3,-1.7494319583952207
PGM2L1,-0.48619750918930477
DUSP22,-2.5201786469797964
NADK2,3.6647483846823916
GK,2.413052861193353
IMPAD1,-0.8039979911197358
SMYD3,1.8783655912268042
ACPP,-0.4347758719321087
ADAT3,2.920045156425943
ADAL,-0.15084421902419226
NUDT4,0.005314640990759924
AS3MT,2.305302255126687
SRXN1,-0.026511269709274806
NANP,-0.011183289890534147
TIGAR,3.0330969762270885
RBM48,-0.8804207024586905
NT5C,0.4024752646152484
PRTFDC1,-0.07805605322023207
ZHX1,-1.1765859640850336
TRNT1,2.8160789460186617
LHPP,-0.07256660701116747
NT5C1A,0.23769390776856053
UPP2,-0.23166968489500858
ULBP2,0.4817322083748193
NT5C3B,1.9420309402890767
DUSP2,-3.254710720338315
PTPRT,-4.8934226365902544
PLIN4,-1.1299235028732615
ANGPTL5,-2.4338280588030257
PRSS21,-2.060813083768514
AL645922.1,-1.635328067997962
SRD5A1,-0.2836727429761878
LIPE,-2.468004848209468
RGS10,-0.2543734332948615
PXDNL,-0.583943881192398
DUOX1,-2.5687511027563352
PHF21B,-0.9269597853469868
OAF,-1.2573044938036553
CLDN4,-1.9536968660297922
GDPD1,-1.0508298416748134
OR5P3,-2.625325200900351
TAS1R2,-3.0978541273491906
OR5P2,-2.64724835100946
VN1R2,-2.484516474794553
MEIOB,-2.7155953004564375
OOSP2,-2.8783961157994553
TP53TG3,-2.546388384708569
MAGEB6,-1.687907592041408
MDH1B,-0.441305238909794
DERL3,-0.80719175362627
RTP4,-2.2410755556290924
DERL2,0.2632630116332472
TYW1B,-0.4104931913271511
MOCS1,-0.0716519485458143
MCPH1,0.41336938481436974
YBEY,3.5592342772709293
LCLAT1,0.6205631147228394
MBOAT2,0.07317317767839915
TYW3,3.3900304835944675
CNNM1,-2.0119380610943867
CNNM4,-0.6717011914444726
TMEM237,-1.0297257946262817
POLR3H,1.112791256360121
POLR3GL,-0.6274000846900968
LOC101060521,-0.09880456773991356
DTNBP1,-1.6432655461858416
IL17B,-2.4460745010026983
ROM1,-3.10367602023469
PODXL2,-0.6288947854811783
DOT1L,-2.596317361181489
PCBD2,-0.5225709894007945
LMLN,-0.41223110595939194
FAM9A,-1.2009325188474909
SCML1,-0.1531584401122614
MTERF1,2.104133759085679
SETD6,0.6886252514783437
RILPL1,-0.5158729763356995
GOLGA8A,-1.3035547086860515
CHD7,-2.5039210271779244
MTRF1,3.653184828560497
NCBP3,-0.24651291825343633
COMMD1,1.7552019741311495
ATP6V1E2,1.1824043221781158
TMEM199,1.5289961979953774
CCDC115,0.8977272803691567
TP53TG1,0.6262458765900148
COTL1,-1.9260963948404233
BLVRA,1.4346009501449146
NME6,1.384066133908452
TMEM167A,1.5071068196392443
KIAA2013,-0.05299563626530369
URGCP,2.14574049610831
CBX6,-1.1443544800547067
STOML1,-0.7218410087961318
ADCK2,3.505927672419411
CERS6,-1.20068386527068
UGT2B4,-2.2859197347377243
OTUB2,-1.1843441238812333
THSD1,-1.7599582982669768
KIAA0513,1.2876466117141698
HACD4,-1.6233931503396035
ADAMTS4,-1.6990798714418787
ADAMTS3,-2.2945410749431656
ADAMTS8,-2.0094354915157058
SEMA5B,0.9554412585852543
NOD2,-2.887542764687799
PADI2,-1.2535855583249131
RGS18,-2.886939287824791
ADAMTS13,-2.1194696721813466
ADAMTS14,-2.0392388897628946
ADAMTS17,-1.9662543134739576
ADAMTS16,-1.999849665510701
ADAMTS18,-1.9302760111335848
THSD7B,-1.663074294416761
LRRC25,-2.5861683800446893
ADAMTS15,-0.4850019788964358
ADAMTS19,-1.7503825328156757
HEXIM2,-1.3617831787643553
DOK3,-2.160452536315869
DPY19L3,-0.46512369080020793
SMUG1,-0.07649726816467627
ALKBH4,0.03904793441364943
NUDCD3,-1.3315513086955357
RFT1,0.10431840176034715
SLC37A4,1.202129822022293
THG1L,2.229326870945439
ANGPTL8,-3.2967219047678697
ST14,-2.673129278552202
SLC40A1,-1.459026282019979
FAM174B,-1.1227843248391942
MGAT4A,-1.622205220413717
GALNT6,1.855984904825653
FAM168A,-0.01933095569206767
SMCO4,-1.1434841592297982
PNLDC1,-1.0510766439861663
MSRA,0.31358287412852925
SLC46A3,-1.1406207142089335
LAMTOR4,0.7320909853178936
NLRX1,0.6315637142654387
CDH24,-1.941251172841639
CDH12,-2.265132231778592
CDH9,-2.6549990779007944
FREM2,-1.4047639157353466
PET117,5.1237348634644695
UQCC2,4.356835272611283
FGGY,-0.3115149482526892
SHPK,0.18097990288703278
GK5,-0.16552480676164924
XYLB,-0.8530875650461545
MIXL1,-2.305593899244454
ZNF74,-0.2828882428177688
PLEKHH3,-2.067932539114067
FAM110D,-1.7665065501201782
SNX25,-0.49740751258263144
MAMSTR,-0.7522832299313208
HRK,-2.5069905100445644
TMEM102,-0.328688500581095
THAP11,0.21906466425088297
ONECUT3,-1.7189424208500588
ZFHX4,-2.2829957280784203
FAM185A,-0.9045614366630547
PRDX6,-2.047230056883036
MACC1,-1.6537856705812592
SFRP5,-3.345909635723259
DNAJC17,0.9807211419035906
ZNF169,-1.2456245187081911
SLC26A1,-3.7305236833551167
TCL1B,-2.3180716277987155
HSD3B1,-1.636090254796473
FOXE3,-3.042515171065928
NENF,-1.624970525181606
LIM2,-2.456480916859857
MAGEC2,-2.511243850938523
GTF2A1L,-1.6516188015323938
AMBN,-3.5898504489142953
UPK3A,-3.5993470512298336
ISL2,-1.9726687943220413
VAX2,-1.260529258391501
VAX1,-2.0741356301656526
RGS11,-3.5244088136443343
SAGE1,-0.9561109044289344
HLA-DRB4,-2.121634618111447
VWA5A,-0.6774827130826018
SAMD9L,-2.299285132039511
TRIM34,-0.9440483871352996
SAMD9,-1.9633726508572542
SFT2D2,-0.23511367152644158
SIAE,-0.9623221602928426
LILRA5,-2.686429198421957
HLA-G,-2.7574256995981514
NINJ2,-1.8944057288654066
TNMD,-2.860335755143112
HOXD8,-2.2376327515533116
HOXC9,-0.8101577467844816
BCDIN3D,-0.6205489831387935
PSMG3,1.2581368200335177
HOXC12,-1.771783466734415
HMX2,-1.7974141075159922
RAVER2,-1.0410257791382498
WNT9B,-1.5481409082826265
KRT36,-2.848041126992869
LHX6,-1.9171915829623343
CASS4,-1.9650581997705203
CAPN6,-2.4648377462679445
IRX2,-2.3046187814947157
BARHL2,-2.5670718439276268
HOXB4,-2.4692706347625544
HMX3,-1.7410391680612496
SMR3A,-3.3734160829999165
WASH3P,0.5402548519453676
HDX,-0.6300502536248571
ARGFX,-2.112621055221064
SLITRK4,-0.8009018964330052
SCNM1,2.6521736325097085
UNC93B1,-1.2350477257999914
TLR5,-1.7572599865275136
SELENON,-1.263060804707337
CYBC1,-1.2602944391710589
CTC1,-1.0051735461467814
ERO1B,1.860412546722926
FKBP11,-0.6258652528405508
TNIK,-0.7656328452484197
MAGEH1,-0.7721872976036914
GGCX,1.8132654844064948
PFDN6,3.187028136855909
MLXIP,-1.7382629408145338
CNPY1,0.07419411734461702
NKAPL,-2.423436742296919
HBD,-1.2849522983659816
IPMK,-1.2364035928346524
PLCXD2,-1.4191010515755125
PI4K2A,-0.8363377431269051
C2orf70,-2.644706790399656
ARHGAP28,-3.1017453485894917
PIP4K2B,-1.4279944848805812
AC007192.1,-1.4870197349982077
INPP5A,-0.6711352204383767
SPEM1,-2.91242176034797
DGAT1,0.08335556833361364
DGAT2,-1.1703298662820474
SPACA7,-3.0558166574027696
PLCXD3,-1.4284614364968515
EFCAB3,-2.3130746470052466
PLCD4,-1.2139760551574792
PLCD3,-0.738403716064446
RGS17,-1.6963609774395974
DGKK,-1.570395950443656
WFDC11,-2.6358329103096545
CCDC172,-0.1791230108436428
UBAC2,-0.30484353663344577
SELENOO,1.0214533086715232
EDEM1,-1.414238382407941
NUBPL,10.09451788158359
SVIP,-0.3162504487554212
NUB1,-0.05584821551448088
HSCB,5.600325237665525
USP38,-1.0011186922666868
ZFAND2B,-0.4283360043262628
AC018523.2,0.4215680443338276
UBXN2A,-0.5387366580659009
UBXN8,1.118528433266757
TMEM62,-0.310293943781057
ANKRD54,-1.3470827146678979
OSBPL1A,-0.6152692784832345
PPP1R27,-1.8377291031769942
ANKRD29,-1.6621263156908692
ANKRD61,-1.2462599607882472
ANKRD65,-1.304573531005078
ANKDD1B,-1.3094714443518376
KNDC1,-1.2466060409700461
RAPGEF5,-2.2306284871222926
SH2D3C,-2.4869256892156755
RAP1GAP,-4.110906580880752
RAPGEFL1,0.36266323689251606
RASGEF1C,-1.1456974001910418
RASGEF1B,-1.3519365053987766
RASGEF1A,-1.218039124943861
SPIRE1,-1.1822534029053167
SPIRE2,-0.9583069364086381
DGCR6L,-2.322233779511382
ZC4H2,-0.9329489370582683
SYTL4,-1.8042389061084325
RAD17,0.5196385856492389
ZXDA,-1.2946656129613572
TUFT1,-1.8171339843772738
NCKAP5L,-1.0152589291841678
TCP11L1,-1.075306201932164
ZNF720,-0.6855358368029842
PANK1,0.2999986331241255
ZSCAN32,-1.6646512195713308
ZBTB26,-1.552942602752772
ZNF75A,-1.4761073507181868
ZNF75D,-1.5130016697190807
DDIT4L,-1.1809656960227106
NT5DC1,0.6336281730618518
SNTB1,-1.6964927669816354
PKN3,-2.6793339918256818
ZNF786,-1.6617891496752633
ZBTB39,-0.9856281719974033
ZNF740,-1.267660164442596
DTNB,-1.9330254999714958
VIPAS39,0.7376131393818619
C17orf82,-0.7479624277476573
DOK4,-2.1330667144898494
RTN2,0.41986470145860844
ALKBH7,2.031686590771625
ZNF777,-1.2279197994093454
MCRIP1,-0.15341792452411177
METRN,-0.4107135351360837
MOSPD3,-1.5796238359218704
SAMD1,-0.6628519620705379
PHOSPHO2,-0.08847919676587847
AAGAB,-0.4035810334667618
CCDC32,-0.022953199711683695
KLC3,-1.472178318854837
NOVA1,-2.400281214351252
TRIM58,-1.0979920132774859
KIF4B,-1.4912541550233853
HLA-DRB3,-2.096857589151452
WDCP,-0.10907118425064671
PRICKLE1,-1.2279486480063662
TMEM35A,-2.569084974374376
LAMP5,-2.1966998948189285
HAPLN1,-3.177378090398792
MAPRE3,-1.7636918694432566
KIF26A,-1.7774287031477165
ST8SIA3,-2.615970489777572
OLFM1,-2.8315617102034447
FAM171B,-1.8467623014591998
ZNF365,-2.2324209218018853
GRB7,-2.7999138861032793
RUNDC3B,-1.086134623606059
C4orf19,-2.1705426723217998
PRR15L,-2.117949695474434
ICA1,-1.7664721621676311
CLDN7,-0.8099397189383759
ANXA9,-1.9649644095601082
TFCP2L1,-1.6653819125937483
CAPN9,-3.0394423616135473
AGR2,-2.4043527776495113
MLPH,-2.6270501002136073
PLCL1,-2.481696287702778
PIP4P2,-0.1343249695413243
ANGEL1,2.165130970399314
PDE12,0.5925489621967351
CYB5R2,0.7103171280100858
INPP4B,-0.5332804952142716
AC138969.1,0.9049736382364836
PLEKHA4,-2.4168578727238845
PIK3R6,-2.349031561489043
XKR4,-1.3554948363828798
SPRED2,-1.131161525452026
ARL14EP,-0.374538283966003
GPS2,-1.4918519654271516
PER2,-2.1234703874900607
ARHGAP22,2.2132720220854916
MAFG,-1.3878142142921464
ERG28,0.6769498653983581
HPGD,-0.635278600937036
ADO,1.5357682879471277
C15orf40,1.2681645949924698
ALS2,-1.3602667286170722
DIO2,-2.0485618166129926
SLC2A11,-0.9003969849304163
BSX,-2.6605821694066205
SMCO1,-2.265443706822949
PDCL,0.0445030864652043
HNF1B,-1.7028737465713624
ARMCX1,-0.7212920142489054
AC023509.3,-1.3944874696360103
NPAS4,-1.812525465826282
ULK2,-1.8666102622124647
MBD5,-1.7501586761604546
MAMLD1,-1.709596713133367
RAPGEF2,-0.34111426920312227
MAML2,-1.6705553039081908
GFRA1,-3.0103583339093807
PSENEN,-1.23311134242486
MAPKAPK2,-0.22820876286675545
C2orf49,-0.19684673016252444
SPATA2,-1.2322886313722587
NKX1-1,-1.4810540301856696
LBX2,-1.8015020920755456
NANOGNB,-2.6603703182375344
KANK4,-1.512183803924355
TSPAN1,-2.6286830284606197
CCNY,-0.8545552385803975
KLHDC9,-2.184053942461391
DNAH2,-3.841160929364911
CCNI2,-0.8250878563306472
C9orf116,-1.6685712448630208
CABLES2,-0.9058289722487921
ZNF620,-1.5688158717378882
ZNF552,-1.8153209709139981
ZNF724,-0.9611883179539729
GRB14,-1.8883871745094842
KIF16B,-1.5361032584972811
RADIL,-0.7889416781964694
MTSS1,0.9963215910372525
MARVELD3,-1.3221656798904586
PTPRB,-3.4890903852011745
SYNGR3,-1.29170769414778
PAIP2,-0.19934642029761435
TRIM16,-0.988407797196486
TRIM16L,-0.5550077936912433
FRMPD4,-2.7195109285513883
TRIM47,-1.0874873517418946
TRIM65,-0.5071886799073775
FSD1L,-1.584801695681077
NUDT9P1,-0.9878883820185587
TMEM120A,-0.11909677842711426
ENKUR,-1.4299332041716915
LONRF2,1.327155762013338
RFPL4AL1,-0.013493157544459119
RFPL4A,-0.6248202640634013
FAM71B,-2.565537403933508
PTCHD1,-1.760753594446043
H1FOO,-2.2708071972055945
SMIM21,-1.8802644495354643
FAM122C,-0.9613875376562991
OR8D1,-3.3318556392182677
DEUP1,-2.4945475257564227
ANKRD31,-2.1240145568265354
LIPJ,-0.9998283380823326
AK8,-0.3026110414658393
CNBD1,-2.6293740379833808
DISP3,-0.856394211116694
SERTAD4,-1.240751456398469
C7orf61,-2.268095766977263
MRPL53,3.3641045174914863
RFX8,-0.9652659034352139
RFX6,-1.7422978394966677
CYCSP5,-0.7293934871776174
PRKAG2,-1.4948154454793856
PARP15,-0.8162852101166415
CMC4,-1.3638302116362735
MRPL52,3.243240887334275
RETREG1,1.98413391657921
PELI3,-0.24699735969961398
C19orf18,-0.419257827707564
OR6B3,-2.6027121408875145
SPRED1,0.4602291509224495
KLK9,-1.494233707973908
FAM122A,-0.6257601111477357
MSL3,-1.969825075218289
SPRR4,-1.8181035814995226
MSLN,0.4482508516721668
SH3RF2,-0.8852422623733613
TET3,-1.0431847604041224
TPMT,-0.7362267695917806
PCIF1,-0.1878214523851373
TRIR,-0.12762780034544757
ITGB1BP1,2.6267577953809975
RUFY3,-2.0382970345504026
TARP,-0.4192578277075641
GPAM,-0.6274506466539925
GSDMB,-1.1884872582313257
ORMDL1,-0.5091860810832131
C3orf62,-0.8804907169968765
DTD2,3.1369927448229564
ZSCAN1,-2.0715114301571194
LOC102724023,4.301545179864347
FOXS1,0.7151684884623929
ZC2HC1A,-1.386279222374786
SH2D1B,-1.866924574258199
DENND6B,1.8849972437046116
DHX58,-2.101145363227239
ZNF385B,-0.12529928622244776
ZNF322P1,-1.7245455019217826
CATIP,-0.8802480642833448
GUCD1,1.996112216160816
ENKD1,-1.911936589660333
C14orf93,0.6994896575233589
KIR2DL3,-2.103141072331335
PRICKLE2,-1.451503747145233
C19orf33,-0.9800538332999874
RD3,0.11377643278009471
HAVCR2,-2.524497104252758
ARHGAP24,-2.0120956244048407
MRPS6,2.7770990654221395
KIAA1841,-1.2752015019440552
NKIRAS1,-0.8440865182695646
MTURN,-1.0595099012487836
IL20RB,-2.3785088657559337
HOXC4,-1.638638853735956
MRPL10,2.364213440075304
DNAJC30,2.8928082972883686
PLA1A,-1.0710063104323406
DCUN1D2,-0.15912376678340928
AIFM3,2.718317352296621
GRASP,-1.818898275121114
ZNF486,-0.8094334685037236
CIART,-1.3568518368596818
BCL2L10,-1.9671379464746699
BCL2L13,-0.8394608288379675
NTMT1,2.919179542371661
AP4M1,-0.9003647683498177
PLXNB1,-2.654678405637223
CCDC149,-0.13002506325266958
BLOC1S5,-0.5864526134795727
FAM3A,-0.5442568776146526
SMIM11B,-0.6029295569089199
SMIM11A,0.4279868297341139
C6orf118,-1.7795300335412159
RNASE11,-0.49179604025278867
TEX2,-0.6432839215388049
ZSCAN18,-1.883284059946576
LRIT2,-1.8142417948678677
WDR45,2.8342161295736745
TBC1D20,-0.7958656127282743
TBC1D26,-1.5521537348688061
ANKS6,-0.9260742565959874
METTL25,-1.3052849269580646
CXXC4,-0.9590845594516321
FSIP1,-0.3120573732632515
GSTO2,-0.47430022403106054
VASH2,-1.4176196244071813
ZNF839,-0.9859014642579269
APOBEC3H,0.23770788118547953
RIMS4,-1.3288654727125826
LIMD1,-1.4202669426333943
TSPY2,-0.8058724016757608
C4orf46,-0.5150922755553451
TMEM255A,-1.0704521805922582
NCR1,-2.8116398583182707
RNF183,-1.3439872177058332
EEPD1,0.5078343736825874
SYCP2L,-0.3952959585067317
ZXDC,-0.6626948514254795
TMEM175,-0.6929389705665138
FGFBP2,-2.0238343822360076
SYT6,-1.4338912974379172
DIXDC1,-1.2027551401011656
TASP1,1.5322318114298796
MESD,-0.4801584516564834
SCHIP1,-0.7404056599270209
TCP11L2,-1.0621339608795926
HDGFL2,-0.8614884774595136
ALKBH8,0.8650229499204615
TIGD1,-0.5818874229147311
DNAJB7,0.2516134421784882
OR4D6,-2.4064190047668395
TTC23,-1.3805519791167724
RTL8A,-0.35802125277118513
VCY,-2.3944282867926634
C3orf33,-0.07431272042724352
C3orf36,-2.6807065638817686
CES3,-0.8977861537019546
EBF4,-1.7514167351241727
CDPF1,-0.9541919147209239
CTRB1,-2.5905362843130635
FAM3B,-0.1732033924168604
OCIAD2,1.4382296927501153
ATPAF2,3.361395577655768
KCNAB3,-1.5482170032537554
PPP1R32,-1.9876931625872525
HMCES,0.2922099565004376
ATG13,-0.9684320299407767
FRMD8,-0.8122470571456157
NMNAT2,0.17509508616925012
NMNAT1,0.5414776327938355
GPR61,-1.4648648859262055
C9orf78,0.6750171772622794
EFHD2,-1.8835168418145014
PCDHA7,-1.5779140331729895
TTLL7,-1.1187692507703757
PCDHGA12,-1.7874365534257013
ANXA8,-0.9305556178161934
MEST,-0.9213566287418442
ZDHHC23,-0.67033001934405
COQ6,4.65919380499226
ZFYVE1,-1.2630758920755278
SUSD3,-1.7023570211912527
PITRM1,4.815715199998994
CCDC60,0.27920816582019536
PRSS33,-1.7326135779004688
TMEM183A,0.2892662059520226
PDZD4,-1.1467843991303261
STON1,-1.4473348292113664
PDZD9,-2.851932555660343
GPANK1,0.9149195146642124
TMCC2,-2.389527743685852
MARS2,10.358241129758415
CCDC144NL,-0.41925782770756403
PHYHD1,0.43680320548801166
CFAP58,0.059791729611477454
LOC403312,-0.4192578277075484
USP6NL,-1.790507995912373
PASD1,-2.304524076736314
SCG5,-2.684007303805424
DDX43,2.0188539462378245
GADD45GIP1,2.153868995758785
SERF1B,0.027846221084794318
CHCHD6,3.199110931410999
FAM151A,-1.0486209920972465
FAM133B,-0.5697685593991104
PPP1R17,-2.872390726959693
PNMA8A,-1.565025250968471
PTTG2,-0.7747257589274879
SPIC,-1.1438753197451546
FITM1,-0.2629065894004139
SRARP,-1.247854459516672
C1orf115,-0.32133423007098183
C12orf65,0.7127205836455023
ACBD6,0.007919387445256056
ACBD4,-0.41479679676831305
EVA1A,-1.6275248363931327
AKAP4,-1.922146914659684
DFFB,0.20155429814382464
VCY1B,-0.419257827707564
KIFC3,-2.1843936812839564
SLC41A3,-0.630926247150718
CD300LB,-2.0902550760358194
STARD10,-0.43421355643351667
CRADD,0.8824277130061876
PRR15,-1.3760203748963504
FAM53A,-0.419257827707564
CELF4,-1.6804606094045644
CCDC190,-0.9567106183284599
PACRG,-2.216352739302804
MTERF4,7.564289183209725
PRSS1,-1.838546682191746
TSLP,-2.085876644286726
THAP3,-0.6343582880832631
CARD18,-1.7920039244452712
RP9,-0.6804957123687527
DNAH14,-1.5370319692880867
GNPTAB,1.8303317533406651
IL26,-2.3975767895430593
FAM50A,1.5777170943607395
FMNL2,-0.1484168768232301
FMNL3,-0.440121411610757
KCNE5,-1.6987566952589472
PPFIBP2,-1.675309370187138
CCL26,-3.030320922993106
SEPT9,1.343943226032744
SEPT5,-1.1527581275186984
SEPT1,-1.0040478277976912
DPCD,0.030578694231469663
CDK5R2,-3.485871494790254
GIMAP8,-2.0023074938224252
CXorf56,0.03759447662334712
MOB3C,-1.4443371786878176
C18orf21,2.2502951070594834
MT-ND3,7.38041952393499
GPR107,3.398079339944336
RITA1,3.086562900097312
ATL3,0.6505939031223837
UGT1A10,-1.4067915449368418
CSAG1,-0.6982365456195234
ZNF2,-0.3235908839382154
ARID3B,-1.795130923368063
PURG,-2.785091400715264
CCDC28B,-0.15951110149639502
FAAH2,0.6447550974909456
SNX21,-0.6226310651977506
MAGED1,0.5475041614933437
RSPH10B2,-0.9389577677489737
CLEC12A,-1.2767294864020706
LANCL2,1.0970709460610297
SERAC1,0.19485510413123516
PLAAT5,-2.671690900848617
C19orf12,-0.0750148817502261
ERMN,-1.5837001677384197
LSMEM1,-1.377902691276377
LSMEM2,-1.3677155174146218
ST6GALNAC6,-0.7682428964827247
CAMKMT,-0.33752803957819494
WARS2,12.731833415825452
KLHL32,-1.0743795440729447
DGLUCY,1.3385936782893455
JHY,-2.438600650084069
TEPSIN,-0.6068555359128627
C11orf45,-0.7194755655229094
ARNT2,-2.034025045882795
CRIP2,-1.1003641413577097
CAPNS2,-1.8780923889684995
NBPF3,0.04835351806601282
NUDT16L1,-0.12371983444719559
PDE6H,-2.4592373096307627
BEND2,-1.0870025370621414
INIP,-0.16440662392533978
QPCTL,-0.776816374707124
NAA80,0.43802900328870503
ZNF641,-1.6349717198953768
PLA2G4C,-0.8924582208737751
PLA2G4D,-1.0006225454607447
CHRFAM7A,-2.5789411300406155
ROPN1L,-2.7680805821841634
NEO1,-2.256389219299093
RBPJL,-3.90967560531889
CAVIN4,-1.0031272039751746
CORIN,-2.2760400774228913
PROSER2,-0.849075208090002
MRRF,4.4783569670338865
MPV17L,5.024483826311588
BSND,-1.7268630691377878
TTLL6,-2.0116349718053166
TCEANC,-1.6682643485687125
YPEL3,-1.30433450650235
C11orf53,-1.686635801663989
C11orf52,0.0235193053791934
CLDN3,-1.7852670842133445
C6orf203,3.6689059869744165
TRDMT1,-0.6859612158193672
NEIL1,-0.14724466825015778
NLRP2,-0.6542184078251398
FILIP1,-1.0142349327474445
ARL6IP6,1.9112536013627917
CRACR2B,-0.7073554299255468
ZGRF1,-0.31584530688393264
PRKRIP1,0.14425761151368716
MCU,2.519165293829111
ADD2,-1.2172064768866382
EPB41L4A,-1.214006692835398
LURAP1L,-0.6036760268324333
C7orf50,0.5494809572653746
NXPE1,-1.5422084503015427
NXPE3,-1.0662302613532546
METTL8,2.3378830145669656
ERVFRD-1,-1.6518933708546994
QPCT,-1.843221261355456
SMTNL2,-1.5245515921951551
MKNK1,-2.552169901930002
OLFM3,-0.3353934901220826
CAPSL,-2.069076126849062
CHURC1,-0.4282981572065446
MAP9,-1.1611201750715243
PRXL2A,2.204162755809692
FDX2,3.8740144437940134
KIAA0825,-0.5593252419015767
EP400P1,-1.0898800720565045
KCTD18,-1.0657889325923597
ZNF449,-0.023649451052934013
L3MBTL4,0.045032136165680456
SERTM1,-0.419257827707564
SERF1A,0.768086773512427
AFAP1L2,-1.3370056013416356
IGSF10,-2.5294143019501303
CCDC107,-0.8837757034597231
C11orf71,2.889718511275804
SPATS2,-1.034455031215383
TCEAL2,-0.7153273127092141
CHRNA7,-2.472411831060254
IFNA8,-3.359086614267646
IFNA2,-4.521888088070973
SLC48A1,-0.7458744463917858
OR2A42,-2.2808500758025474
C1orf174,2.5212626759378463
LRP1B,-1.7217833684956247
RAB3D,-1.8993405094152904
ARMC7,-1.305273484755955
PLEKHG2,-1.2476524924647505
LIN7B,-1.5016420895695102
TAFA1,-1.1870778364507832
NEGR1,-1.7260444495627798
DBNL,-1.530081554383642
PKIB,-1.1207509397402673
SYT7,-1.5404618786942437
FAT3,-0.6128534223325243
SYT10,-1.4992076045465335
LRRTM3,-2.1294597897696983
NLGN4Y,-1.5971181381954438
ARPP21,-2.509169650182315
KIAA1549L,-3.501465959279479
ZNF804A,-1.682046110104425
CBLN4,1.5287785999938817
CADM2,-2.235643716042149
NLGN2,-1.8740979964334519
CNTNAP5,-1.7534570901711046
BAALC,-2.4023628855572525
SHANK3,-1.9046243856704193
ANKRD13B,-1.2918921210514889
NOL4,-1.8280190834074428
SLITRK5,-1.7888893933542793
SLITRK1,-2.266071091547303
SOX14,-2.9063364186338765
KCNK12,-2.037568368567366
RIMS3,-2.624160174783119
ADGRL3,-1.892645008709716
FAM131B,-1.3267715830830693
SYTL2,-1.4499278319263582
SYT4,-2.022007266705329
CSRNP3,-2.076802083906419
NXPH1,-3.4490508019084882
PCDH19,-1.6173099845339298
SDCBP2,0.48712611181754933
SYTL3,-1.8702503594939177
PCLO,0.273425811997505
SNTG2,-2.60709596508373
NSG2,0.590160340663483
GPR173,-3.233391898760821
KIAA0408,-1.4996533191437176
FAM155A,-1.7130791024772951
KLHL4,-1.648068966471709
KCTD16,-2.155714524287196
SCN3B,-2.7211068696096508
ST18,-1.689008399797611
TENM4,-2.3183151692981023
OPALIN,-2.5775531884286123
LRRC49,-2.167209764722371
XYLT2,-1.1736824194660944
INSL6,-1.8761273399399867
ACAD9,5.264290929755425
CCDC65,-2.33089721872442
C19orf48,1.20430846775452
NR2C2AP,0.5059162053155833
PPP1R35,0.6312360424324722
ARSG,-0.3433747715562827
MORN2,-1.304919479317455
TEX43,-2.685560067661973
TBC1D28,-3.2513923206032196
SPATA18,-1.9803648788412387
TMEM232,-2.640868284020484
TMC1,-0.19808703220642018
ARMC3,-1.8730362222397976
NLRP13,-0.5551978723386437
NLRP9,-0.6371893485571516
NLRP8,-1.3342809333215997
STARD5,-1.1956570841523768
FRAT2,-0.7577620233884117
AMER1,-0.41290388874469947
CIP2A,-1.1199327531412957
NOSTRIN,-1.5486065833771832
AMER3,-2.0784895491468185
CGNL1,-0.7313361990483256
DVL1P1,-1.4548219664771116
MTFR1L,0.9111103172675347
AGR3,-1.174179710101534
CTTNBP2NL,-1.3971097930519274
TMOD1,-1.920314209917806
SYNC,-1.664557711905851
CCDC88A,-1.9238679693595078
GLIS2,-2.377532004204428
TCHP,-1.69073076768412
KIAA1328,-1.4396175289645852
PLEKHM3,-1.100112345681004
NAP1L3,-2.019982609521963
C1GALT1,-1.5223056619637223
NAV2,-1.4303576780561646
KRT23,-2.32291458395403
NCKAP5,-1.746496973491794
SCAPER,-2.2878728751550232
SYNE1,-1.7429229950433045
WNT16,-4.249117266284022
AMER2,-1.6528190617335419
TMEM179B,2.0582932388448194
PQLC3,-0.6690817254536011
TMEM107,-0.6256695391117673
TM4SF18,2.266182563951082
FUCA2,-0.5644851636291948
MTRR,2.275499682829337
PIGM,0.5508505418127534
GRPEL2,3.8653404627472816
STARD9,-1.060172327794487
ARMC10,4.0778603809774046
CBR3,0.4853742576700284
VKORC1L1,0.061518836125787416
MREG,-0.6991376481382198
C16orf96,2.9948214930474357
NETO2,-0.8717204505538944
GAS2L3,-1.008157713765522
STK19B,-1.1616962404823292
C12orf45,3.629564124636003
AL669918.1,0.4190772705702676
C17orf75,2.6363769235656207
ELOVL6,0.7206393115097917
LTO1,0.3469703031238508
NOA1,3.7758468719552543
COQ2,13.077011054335468
CLCC1,-0.7599884215536714
C5orf51,-0.2121355069157475
COQ8A,3.622916231384237
QRSL1,4.414796701008079
TRUB2,3.6873554836638562
MT-ND6,6.8647208610144475
PIGH,1.0164054685025274
LYRM2,4.714925835708089
CPT2,2.378185979956474
LYPLAL1,2.4767559315689507
THNSL2,3.993655606786434
ZCRB1,2.4084990604496452
PCCA,2.0898109490902232
AC034102.2,0.3405905117192909
NUDT3,0.7083983732850647
LIPF,0.47423845195146036
DHDH,-0.08045068122138316
SLC5A12,-1.9210115863485802
TMEM92,-2.52096031432939
HES2,-2.425475785012214
SLC6A19,-1.7582009889724441
SLC23A3,-1.1636111105021278
EPPK1,-0.8448932391332564
ZNF511,2.840140629731594
AARSD1,1.4823846895973154
PPP1R14B,1.4389092315137697
TMEM141,3.733904133978874
MCRIP2,2.995206914520533
TIMM22,2.166193703300997
MIEN1,2.2861891106684755
COQ4,12.220475406397824
SLC35A4,0.14354022401233474
CAND2,-1.052667795796225
SLC25A39,0.9714355221499931
NPPC,-0.5124664644282677
UNC5CL,-1.2076884294497774
MEAK7,-1.1331345744114032
RFFL,-1.1194026261832695
NRK,-1.177661933113007
GSDMD,-1.5436807591089519
UNC5A,-1.9097545022523486
CASP12,-1.1774621434910109
TICAM1,-2.161333214117848
ANKDD1A,-1.4013568421117608
PCSK6,-2.766035970801523
BICC1,-1.2201676165657527
CYB5D2,0.06488933281138418
KLHL36,-0.68455736509988
PCDHB15,-0.3385034122362037
ZNF398,-1.1811155760558678
KLHL23,-0.36981627494163527
STRBP,-0.6236873139716744
ZBTB34,-2.086664942866575
FAM117B,-0.8849181311022672
C16orf87,-0.8647156706396203
NKX2-4,-2.0625721018840846
C2orf69,0.3259525277380446
TAF5L,-1.3618896279794277
FAM217B,-0.8835561485018992
RGS12,-3.26591212971787
ABHD14A-ACY1,-0.3344441092972495
PDP2,0.5956924521165186
ZFP57,-1.3341569227512953
RANBP17,-0.3289968182469187
MRPL54,2.8647729025488533
TRAPPC3L,1.2911351752740603
MCEMP1,-0.34229999564723507
TPCN2,-1.2915181567130407
BCL2L14,-2.8420130392618814
STXBP5,-1.2137107625056895
LGI3,-0.887608306861358
KCNAB2,0.5749408458008007
SASH1,0.7135657985971376
ARHGEF9,-1.9563374930828556
MEX3D,-1.018724480915032
UBASH3B,-1.8483076772538578
DOCK3,-1.7650475718030305
RASAL3,-1.4165788722587402
TSGA10IP,-1.4513528231793729
SOBP,-1.5919742642183063
CCDC187,-1.2481089675602624
PCDHB14,-0.5413493082040677
NUDT18,-0.33598169921269205
BAHD1,-1.8831321921665927
GGACT,0.6734185486209613
COA1,3.9193061808364944
RASSF10,-1.1245011675411316
GGT6,-0.5064417742902303
OPLAH,-0.37096049252278557
GGT7,1.165551116772936
NLRP12,-1.3371321416915347
NLRP4,-0.9313378744444176
NOD1,-1.9110560335389484
PYDC2,-1.1015168782850053
PTGES3L-AARSD1,0.11289030737831855
FRG1BP,-0.9850686062834697
STAC2,-1.2906348553872646
CPNE9,-1.2992042465078986
AGBL3,-0.34942617815448335
ATXN1L,-0.07131127666402164
KCNE2,-0.5431546960940717
GTPBP10,1.975352221584628
DNAJC24,1.0461665110144753
ZCCHC7,-1.0283843847988101
RNF169,-1.5675158073013515
OR4D2,-2.985538363303034
ABRA,-1.1450084509761158
ZP1,-2.6896335768055324
POF1B,-0.9717222396267424
AC011462.1,1.0915883468510572
USP17L11,-1.0435251752929025
USP17L5,-1.007305911991867
USP17L22,-1.0435251752929025
USP17L20,-1.0435251752929025
USP17L21,-1.0435251752929025
USP17L17,-1.0435251752929025
USP17L15,-1.0435251752929025
USP17L12,-1.0435251752929025
USP17L10,-1.0435251752929025
USP17L19,-1.0435251752929025
USP17L18,-1.0435251752929025
ESPN,-2.2144509077954395
FHDC1,-1.3624916974046175
FMN1,-1.2694109121313915
FMN2,-1.320229859929317
LSS,0.8870225217130341
FHOD3,-1.3422693901776914
ZDHHC5,-1.2919244220717516
ARHGAP42,-0.9514522670273102
PXK,-1.434497050670881
WHAMM,-1.5754757676556503
GRID2IP,-1.009198207218282
PACS2,-0.750515904004314
WIPF3,-1.7591775220799402
RAB11FIP1,-1.681647202929081
ZIK1,-1.3499765006273894
ZNF800,-1.5545804109323078
ZNF736,-2.284685223696758
AMIGO1,-1.644029748054527
TEN1,0.7012785874016702
MSL3P1,-0.28602737057744093
ASPHD1,-2.2787046993693463
PNMA3,-1.3330488574158603
DPYSL5,2.584626461000679
SEZ6L2,-1.4183097254222912
DEF8,3.8763997672173094
AMDHD1,-0.7811379816368911
AMDHD2,-0.22058965228036204
LGALS7,-0.2053160498544384
PLXNA4,-1.2586278240989226
AC011455.3,4.8276967635995485
CSGALNACT1,-1.943156021924796
CD109,-2.3051020707413556
ST3GAL5,-0.599646639689361
FADS1,-1.8909241787583415
OTUD6A,-1.0097713841033087
PRUNE2,-1.5557001251069942
NCBP2AS2,0.33509842189762384
LCE3B,-1.6360848042039844
VSTM4,-2.8080286039041598
ANKRD30B,-1.4568685514455024
EMP2,-1.9678398545957478
MT-RNR2,-2.1890567454604284
GALNT14,-1.332072440602866
C8orf4,-2.373121323592171
TTC9B,-1.2488387632803224
ZNF784,-1.7890938068447
TMEM108,-0.5797727306780212
MDGA1,-3.1397091211426025
PANK2,-0.41309681512322727
PLEKHA5,0.8325034642176896
TBC1D25,-0.8990820232382112
DUSP15,-2.8436998910621094
NOTUM,-2.161180568085016
SSUH2,-4.199920132026398
IGDCC3,-2.1214214009745658
SUSD5,-2.281415095220513
FMR1NB,0.6698180717494706
LRRC45,3.3919532554078167
DNLZ,2.3958695070653215
OTULIN,-0.5845360934203804
NEXN,-2.1903241052402596
LRRC24,-2.360435021362227
TMSB4X,-0.0076070352872998175
OVGP1,-2.3468969537808357
NYNRIN,-1.965071400741678
KAZALD1,-1.8689186626851912
SLC41A2,-0.5392291670475203
SLC16A4,-1.809186579302181
GSTM3,-1.0779965640702105
LDLRAD1,-1.0620331124210503
MS4A3,-1.9912111123130025
SPAG4,-1.1376546785914223
TCF21,-2.935887534386016
LMBR1L,-1.2584955457084874
ORC1,0.09303615128908924
CKS1BP7,-0.36432027228418873
KLHL13,-0.7856810527756275
SIRT4,3.4279267055007145
DCUN1D3,-0.42379468534177767
BTBD9,-1.3357286692150512
LRRC58,-1.0048338408321462
MRGPRG,-1.513220576501235
ATP23,0.3528199037932264
CCDC167,2.8291226199047577
CMC1,3.788657556906242
ZSCAN9,-1.6939715225443899
GJC3,-2.336061225070446
GJA9,-2.525452406366902
GJD4,-2.309287600176785
CNST,-1.4013270872519168
FN3K,-2.074128162894595
GJA8,-2.819785421094699
KREMEN2,-1.9609795121584197
BFSP2,-2.0702368396991893
CLEC14A,-1.9181152388476348
ZP3,-1.5919102748376508
CCDC3,-1.5240619329904896
PHF20,-1.924362307278933
DLL4,-3.4305072716221363
IL1RL2,-2.6071622752553174
KRT12,-2.6996076308191355
FCRL1,-1.7462256752240366
CEACAM19,-2.635317943963321
ARRDC2,-1.0921615201044936
PRSS56,0.27794987203312355
SNX14,-1.0415321049275883
PMS2P5,1.2790652288289273
OR4D1,-2.80154035496781
ZNF397,-2.285621472103173
KDM4C,-2.8118688478889506
KDM4D,-1.2879640607275407
FAM13A,-1.9360882162222204
JMJD7,-1.2274266826324984
RFPL4B,-0.3140529355222637
GPATCH2,-1.1645038356399293
AGAP4,0.7834318900716554
ZMAT1,-0.971707420363248
CBX2,-1.8683385194088546
RASSF6,-1.296698261613085
ETV2,-1.1412880392274085
ZBED8,-0.9091888588788667
LRMDA,-1.1251276363176623
DNAH17,-3.312225945133532
GPR22,-2.7618888058174784
CHRNA10,-2.832975297190126
AMELY,-3.434973749252424
CSMD1,-1.9935290991160015
LY6H,-2.3248838136690213
ST6GALNAC5,-2.047689616560676
CALY,-1.8479496228351449
ARPIN,-0.670079641374423
NATD1,-0.4507574202688027
FSBP,-0.5867053083475715
AP5B1,-0.13401249854399877
TEFM,2.6170764765577355
MIGA2,0.1443801402363623
PALM2,-0.2933383571020074
ENOX1,-0.6653872426967967
NUDT14,0.58314288668635
PNPLA1,-0.24951092451135248
TP53RK,-0.0396892710694198
TMEM203,2.0684508720671198
DPP9,-0.4317226008413649
EBPL,2.892463465286919
DHDDS,3.8776934849391345
C9orf64,0.38511903399283365
ANKRD40,0.6344989305132114
MLXIPL,-1.0097524585186628
TMC4,-1.684233539713314
SCGB1D4,-1.367703915926791
NPNT,-3.2386686012235617
PNLIPRP1,1.242965500475622
TMC2,-1.9118384226300027
ARHGAP27,-1.6339357163427564
TMC3,-1.274270387472765
FAM53B,-1.8770693427971545
TMC7,0.6752523982893546
TMC5,-2.2931547718375813
ZBTB25,-0.9158823829911926
TMEM38B,0.17063928594105196
CFAP206,-1.4417222727782393
OCIAD1,3.9616752591573743
TECTB,-1.757692499793358
RTL3,-0.62111708440366
TMEM200A,-1.0314028924621292
CA14,0.33831630917241406
OPN3,-1.6361475538071748
SGF29,-0.7160010173078799
MAGEA6,0.2864678217099195
SDR39U1,2.5867316233516573
AL162231.3,-0.3589083316810217
MFSD4B,-1.136110309532289
B3GALNT2,-0.7895966561965058
SCFD2,4.635319086795899
EEF2K,1.206746577945715
BHLHA15,0.15400360956264764
CLEC3A,0.9312944202304081
PGAM5,0.49122274798304255
EPM2A,-0.3030128849362234
FOXR2,-1.1853843183621449
TRIML2,-0.869533278564094
AKAP7,-1.2027894294125578
AKAP2,-0.9348365091795091
CNGA2,-1.7707670646228058
LOC653513,-0.894217220573239
EIF4E1B,-0.2842680055949901
PDE4A,-2.0032438621019386
PALM2-AKAP2,-1.6766032423273962
CCDC61,-1.0699058732421696
WDR92,-0.4274536680595977
PDE4DIP,-1.4960221340799982
ZG16B,0.1478062965846197
SLC2A5,-2.27706893140692
CRYBG3,-1.193232489708813
MAATS1,-0.7420891147391341
C2orf88,4.180164709033699
SSX2,3.8255647386598697
AMY1C,0.11497859121744348
AMY1B,-0.8427723058172069
FAM49A,-2.7449373727959085
TUSC3,-0.39756420512724405
LDHD,2.703720411934919
ARRDC5,-1.4229550483147195
CAVIN2,0.9097688909135124
PIK3IP1,-3.067693520432387
TP53INP1,-0.4433125928916829
FAM91A1,-1.3895629598672792
GRHL1,-1.9452188765654468
MAB21L4,-3.183866933425889
GALNTL6,-0.9769063868805472
GALNT3,-1.5556418060488277
GALNT16,-1.1312773619251972
GALNT13,-1.1296749855958124
RIBC2,1.6637574180198784
HEATR5B,-1.9580339412882295
GTF2IRD2,3.6186087877877564
GET4,-0.7737444122777387
TRIM43,0.007309030958476809
HUS1B,-0.05405373367120539
AGBL2,-1.5492522749878288
FAM57B,-1.1666902522224831
RGPD6,-0.38703390843906293
FYB2,-0.5712033400061295
MMP15,-2.7628160318324033
TRAF3IP2,-0.934629995250624
AFMID,-0.10695505923448988
NUDT12,0.3722961246362922
CLCN6,-1.6383989925458982
WDFY1,-0.9201031610802035
C11orf74,0.273096056682736
LMF1,-0.944808256241812
NRSN2,-1.0936756893807404
RGS20,0.6376169364023023
TUSC2,-0.18325900727422242
TMEM185B,0.8130956981258064
TMEM79,-1.4028659839439366
TMEM128,0.017730297949414105
TMEM69,3.1140766401285735
BORCS7,0.2322344436088969
ABRACL,1.5650617321718383
SLC35G2,-1.4597528384918341
C3orf14,2.4406635008493183
CLN8,-0.5130333752546127
THAP10,-0.5019790676796276
SMYD2,-0.74379446202988
CENPS-CORT,-0.2418946288246396
ZFP62,-1.5995883533868824
PPP1R26,-1.0540704999894481
POLN,1.5402562466283092
PEX12,-0.5962171224074387
NACC2,-2.1311261131456227
PRDM7,-1.891056672278677
DBNDD2,-1.7723280285114091
ST6GALNAC1,-0.9485421702958836
SCRT1,-2.9999782718120214
C6orf47,-0.8184835950306231
CSMD3,-2.003911739668856
MMRN1,-2.0610342194508933
FRMD3,0.4288985955395138
FOXD4,1.3149413856249699
NLRP14,-1.7638398138261426
RHEX,-0.6451369310234161
FOXD4L4,-0.5169592872762603
FOXD4L5,-2.1896002557254044
FOXD4L1,-0.987409718831779
FOXD4L3,-0.764295312994573
HBQ1,-2.0302763030130477
RHD,-3.1618229104629267
CFAP45,-1.7777297229457818
RSPH4A,-1.45111758122059
CFAP126,-1.8925405935192172
C7orf57,-1.941769250303791
VMO1,-2.311419191618945
PPIL6,-1.0836908237966254
TPPP3,-1.4820330739333742
CFAP157,-1.7682679577961535
CCDC153,-0.47218764751251174
MORN4,-0.6908990041784075
CABCOCO1,-1.5545975031609884
CCDC170,-1.5296567032868558
NME9,-0.40508165264765317
RAD52,-1.0544554945800575
IGHV3-9,-2.254098759184944
CLSTN2,-2.7188432902771473
AC105001.2,-1.7023903406535317
ZNF396,-1.4398461240162614
LRRC43,-2.1398296437100637
PGBD1,-1.6879171580206294
ZBED9,-1.3402547874251898
PROSER3,-1.0432380242551358
ZNF174,-1.3414244389769534
ZSCAN30,-1.186718307269273
TXLNB,-1.2585517715598227
KRTAP5-9,-1.1542969499160223
C1QL3,-1.5710754530055526
GPR158,-2.375839268385523
NRSN1,-1.982614066550527
TMEM151A,-1.5258085941635893
CREG2,-2.461552567483393
HEPACAM,-1.8011783854461563
PLD4,-0.8902268675721426
QSOX2,3.546722035433267
PNPLA3,0.8340531036031463
PNPLA5,-0.33027931984997777
DRAM2,0.0669567622889118
PAFAH2,-0.4364081056722901
AWAT2,-0.1663763276981314
LPCAT4,-1.0758775818225907
LPCAT2,-0.982242383198337
LPCAT3,0.9306364920437776
NECAB2,-0.20374384689028305
HSD17B13,-0.4157318093208757
APOA5,-2.2544187335308097
GBP7,-1.3792884873486826
SLC25A47,3.5300200467383496
SERPINA11,-2.1869354671156693
PGLYRP2,-1.9209791178941793
SLC13A5,-1.039091846835134
OIT3,-2.0990415911000735
RTP3,-1.695719295745608
PLGLB2,-2.3053398090852757
EXOC6B,-1.697375303703134
ACOT12,-0.8312563571657706
SLC27A5,-0.726929413255018
CLCN4,-1.7790389016131845
CLIC2,-1.6000884583729187
TP53I11,0.522438147577267
SERINC2,0.1718280637807156
PHACTR3,-0.6292259906005924
AADACL4,-0.8533871598073209
C1orf122,2.9716972860422897
RTL9,-1.3756049633866205
WSCD1,-1.0699254541080796
ACOT2,0.4464893401802109
PSG5,-3.021036710573427
SHISA7,-1.2263334144178344
CBLN2,-1.4528557346709052
AADACL3,-0.8391683713659651
TCAF2,-1.5257947135026648
TMEM39A,-1.1126054923840467
TSBP1,-3.2550465998332463
PRAMEF10,-0.6783411721784828
AKR1C4,-1.2232774271701166
EXD2,-0.6735974749658412
KRTAP4-9,-1.3684873047531387
GSDMC,-1.9819543705823655
KRTAP1-4,-1.4078629402588734
LCE1F,-1.6481874045269056
KRTAP4-1,-1.025469827645663
KRTAP9-1,-1.238551077331457
KRTAP4-3,-1.3973332047403917
KRTAP4-6,-1.6515006269646144
TMEM190,-1.712791070554737
NKD1,-2.1635165927168205
KRTAP5-8,-1.406905273898277
LCE2A,-1.3633690526853004
VWC2,-1.2832636450775876
KRTAP4-8,-1.5608969707441969
KRT74,-1.416165912980502
KRTAP9-9,-1.1992545692437429
UPK3B,-1.4860976543925974
KHDC3L,-2.3441938312608745
AC002310.5,-1.8523274329285149
NTF4,-3.1003606788983973
NKAIN2,-2.790328886603004
PLK5,-1.9011007688389208
PLXNB3,-1.9952611346455857
TENM1,-1.4496461463316612
ANKRD66,-1.2334876548398133
MRPL55,1.9099389835080223
RPP21,2.3885778785111604
ABI3,-2.111589456450716
NOMO3,0.7902293972877564
SLC52A2,0.05589330458786439
ADPRHL2,1.0501720167581803
B3GAT2,-1.7209147474845239
KLRC2,-2.713837860657298
TTC38,-0.933674617435226
CLEC4G,2.488805296859675
MROH5,2.080130397604781
TMEM176B,-2.5760992937344427
REG3G,-1.6883867041512455
MMD2,-1.2104027600014564
ETV7,-3.0580588890954687
ADAM33,-1.3732067223324722
TMEM86B,-1.1715088166374945
TMPPE,-1.3238990122143899
TMEM140,-2.502666249652078
SLC43A1,-1.1285988699418816
TMEM144,-1.6130837103784443
PAQR8,-1.2983063769409213
BCAS1,-2.1419074175603803
PLEKHH1,-1.5000993302201109
PAQR6,-1.4867673760513707
ANP32C,-0.15236628526528487
ZNF781,-1.165173608480041
ZNF695,-1.456858973322509
SLC50A1,2.0885360028825177
PHTF1,-0.9886714671257822
DUSP16,-2.4108692413669557
IDS,-1.339725316069293
AC067968.1,-1.6555527523152105
GSC2,-2.2858175501285363
CRYBA1,-2.069357226194269
IL17C,-1.5691759585014038
ZNF81,-1.9372190765716426
MRPL45,2.0977384191428428
NFXL1,0.9419732969940362
SPIDR,-0.23083865496802222
BEST2,-2.0247949666717244
NPVF,-2.159063978766743
DUSP9,-2.7011015366642144
PCDHA10,-1.3439751742321768
TIGD4,-1.0861827418300987
PLEKHF1,-0.8484851064058575
DHRS13,0.41659446766375685
CCDC89,-2.2311400383196935
TPTE2,3.2297948412655946
OR52I1,-2.726049194930466
RNF180,-0.8906069171267748
SOWAHA,-0.8835414890427415
ZSWIM5,-0.6630382749387579
ABHD17C,-0.5073411977448632
FAM110C,-1.1617316209830766
SMYD1,-1.8064477758913242
SOWAHD,0.0731566059612924
FAM111A,-0.8149255755246962
PLEKHA8,-0.5634756907318582
C5orf34,-0.6201209882774588
PAQR4,0.3581825802960389
CHRNA5,0.36769440104516676
NCR3LG1,-1.814213532358331
PARP14,-2.0509977496091585
IL15RA,-4.215126757621633
IFI44L,-2.6141028597683986
POTEF,-1.397754339873383
FCGR1B,-2.5506638977586054
SLC25A16,0.1719925740674956
CCL8,-3.965979873442485
KLRG2,-1.7924315164287405
GXYLT2,-1.1030298507099308
TMEM246,-0.46425544896171583
FAM210A,2.1387347662517224
AL645941.2,-1.9881840367036252
GBP3,-1.8294877109733103
GBP4,-2.138786421311386
TMEM201,-0.5796161456611063
TRBV12-3,-2.5242072490305256
TYW5,-0.7577748777054469
SERPINB6,-0.33434191724662243
OTULINL,-2.0521987859029194
PTPRS,-2.2990146287192137
COMMD7,0.26565153436353617
COMMD5,1.839071982341954
MRFAP1,0.025859703690391103
WBP2NL,-2.1561076613821823
SIMC1,0.05237806914423936
FER1L6,1.2932981698095862
PCDHA9,-1.1113641776582264
LONP2,1.1265742081727248
MLYCD,1.8927658600933495
PCDHA2,-1.3570602363900472
PCDHGB5,-1.7637410417548869
CA5B,0.05557160509043541
STK36,-1.4709538770547401
TIGD7,-0.957593609067241
CT55,-0.9880480166724455
SYNM,-2.2950840137222137
FGD2,-2.9142000652523756
FAM167B,-1.0322183658343378
ZXDB,2.0175606550206147
RIMKLB,0.08117559454570737
ZFHX3,-2.5033994346577955
ZFHX2,-1.421220499583613
PSMG4,0.10994009701105763
GSTT1,-0.6587006180522886
RNU11,0.11165909609259758
RNU12-2P,0.15896054080125724
LSM10,1.1065811321498242
SNRNP48,-0.03442858102593582
SYNPO2,-1.7726723542012912
FRAS1,-3.436140522690655
SYNDIG1,-1.9844775280005895
SLC35F3,-0.9583598381793448
MTFP1,2.379960029285836
C19orf25,-0.24778565054856166
INSYN1,-0.7926131185818093
COPS9,2.767388381324138
BORCS6,-0.952828414271615
LIN9,-0.6806072507313521
LIN37,4.217798058483238
ZFP30,-1.8971907315839553
KLRC4,-2.4128991187863944
LIN52,-0.29485986987018714
MRVI1,-1.4123759299282916
HSP90AA4P,-0.984297843851714
SLC14A1,-1.949751815625572
BCL2L12,-0.010448073797051987
SLC35F5,-0.46531747111371974
PAFAH1B2,-0.3592488533840886
PLEKHA2,-1.9664158013074962
LACC1,0.3428922974738587
NOXRED1,-0.7819926975818426
PRDM15,-1.6881074094563966
SLC25A17,1.3994244315132043
CDADC1,1.8103641040353804
RAD9B,-0.622412918179668
CCDC34,-0.021638570163053632
RHNO1,-0.5560374055524037
FAM222B,-1.357797873749557
MSRB3,-1.1521065006949975
GLYCTK,-0.8287421900029068
FNDC4,2.610329711479379
EIF4EBP2,-0.6301425876177992
TCP10L2,-2.4220931696236674
SIPA1L3,-1.6715461252486221
SPEF1,-3.6586468149993023
OTOR,-2.147721026631401
CFAP46,-2.126577912605102
TRA,-2.4230791939106573
TBC1D2B,-2.614821006130616
OLIG3,-1.5336630934446458
PEAR1,-1.3023496925182656
HSFX1,0.8002232295794088
FAM78A,-1.1322168884743664
SHISAL2A,-3.0004746117113235
NFAM1,-1.5403073677247368
CARD11,-1.9820627187134852
SHC4,-1.2353807832427937
CLNK,2.0223241606527105
KIR3DL3,-2.6205468212444676
PRRT2,-0.33770291238015737
ZNF853,-2.1230010880419554
PTPN20,-2.48453455067688
DUSP18,-2.493116204206001
GPR75-ASB3,-0.7044421103530747
LGSN,0.8447811913243433
DMRTA1,-0.5109484965807417
TMEM233,-1.1801379608163172
MFSD6,-1.2425272967751448
SLC41A1,-0.6654733429584585
PRDM6,-1.528728675515776
IFITM10,-1.5066075415349016
AC068533.4,8.160195836653772
LSM14B,2.4862510657936623
SH3D21,-1.844382254327683
OTUD7B,-1.1380790490335138
TNFAIP1,-1.1543402408243113
C2orf68,-1.0118683262027686
KCTD1,-1.007238186716507
RBMY1F,-1.1341737081978043
SHROOM3,-1.0602052867363947
RBM45,1.1324613763464535
GOLGA8F,-0.16463183828381325
FAM120C,-0.8859836147491201
EIF2D,2.13613120308273
KIF21A,-1.1796021638793184
DEPDC7,-1.2455672506219682
ISY1-RAB43,-0.13165254371630192
HNRNPLL,-0.5740293196607871
MYO15B,-2.11835462916553
MED12L,-0.892783075112488
SFR1,0.3685583502536537
TNKS1BP1,-1.4845066034688896
GOLGA8EP,-0.8462166560439847
ZNHIT3,2.371303532177503
MAGEE2,-1.0372756815102002
LENG9,-0.14638334639168069
PSTPIP2,-1.8298752111035852
SNX12,-0.7318663173728878
SPATA5,1.3734748693750698
RPL9P7,-0.3463938799495155
ARHGEF19,-1.6996458588283463
SCGB2B2,-1.7504742062634486
ABLIM3,-1.4589329607249613
STARD8,-2.0382653518451783
ZDHHC8,-0.8043169607418593
SRGAP1,-2.004454658632872
PLEKHG5,-1.58605612611863
NGEF,0.6347291454158394
ABLIM2,-1.3064495761782648
FGD3,-1.8021898697576175
IQGAP3,-1.75268458506535
ARHGAP40,-1.2517860362257491
ARHGAP31,-1.794669239557129
ARHGAP36,1.2246055359757893
ARHGAP39,-1.322317342632019
RBM41,-1.6763199651480358
ARHGEF35,-1.1413347757920007
ARHGAP8,-1.6215850697400518
ARHGAP4,-1.8420178340665132
ARHGEF37,-1.70948435677428
ZDHHC22,-1.0998881391837416
ARHGAP23,-1.2447649923211164
ARHGAP20,-1.5008331317565955
ELMO3,-1.8236886523069848
PPP1R12B,-2.2295502767253166
SYDE2,-1.197655145209044
ARHGAP11B,-1.1236710779948764
ARHGEF26,2.0477386375508133
TBC1D3F,-1.0995290875291626
FARP2,-1.6918501277472628
AKIP1,2.707509052162646
CDC42BPG,-1.0754694277171493
FGF10,-4.245372887707558
SNX31,-1.2985411602097052
HPS4,-0.9506390290294819
NOXO1,-1.0625901626629717
EFNA4,-1.2218243482431705
INTU,-0.8687385099320496
DNAJC5,0.07326533126063099
FOCAD,0.2147183907604813
PFN3,-1.1123915575740222
SLC16A5,-1.0558508059677334
KIAA1217,-0.23651515996359015
PKIG,-0.8434952199221696
TVP23C,-0.4475940534207215
KBTBD4,-0.08878280083489003
ZNF28,-1.4787221549971516
LOC81691,-0.3208033060181006
DCAF8,1.872175578184213
AKR1B15,0.363154417264814
GSTT2B,0.03318332038380394
KATNAL2,-0.047776508614618234
AC026464.4,0.24501334533687455
ZNF778,-1.8569454786271757
RHBDD1,1.7534096260504786
FAM104A,-0.5458875813630354
TMEM129,0.03938395560830066
AKR1E2,0.14098021515643913
UBQLNL,-1.3622192072073842
AKR1C1,-0.7672524551257118
AKR1C2,-0.7111107593072916
AC010132.3,0.22094416357956626
CPLX3,-0.533868732451059
CPLX4,-0.888480283234817
PARP10,-1.2187132160048786
USP9Y,-1.213781406865749
ABCB11,-0.5376489125305683
GRIP2,-1.734283793338377
EVI5L,-1.6277560992284508
C3orf67,-2.8863661935425258
C5orf52,-2.4351114425214533
STRIP1,-1.1495725428152808
VCX,-2.3412616326263627
PAGE2,-1.3623419982244556
WEE2,-2.6320598753133932
ANKK1,-1.9049422903906728
FPGT-TNNI3K,-1.5681470388561212
ADGRA1,-1.9791044575506578
MYLK4,-1.7102226319498222
AC005833.1,-2.3105581593512863
MEIS3P1,-1.6472677140481513
AC004080.3,-2.271853810543672
CCM2L,-1.9172832331066796
CLCNKA,-2.6793831194222597
MKX,-1.8722705618027928
POTEI,-0.8967729476731419
KATNAL1,-0.546408264888162
PPT2,0.021897434965913565
CCDC88B,-1.728005391784779
ZCWPW2,-1.1342150535609086
CENPBD1,0.5527026412113314
KRBA1,-0.47784483685791257
NKX2-6,-2.2036161409367003
TMEM196,-1.8104282745264233
C1orf21,-1.3520620259002576
FAM151B,-0.12071275251505945
EMX2,-2.306681722071076
PEX11A,0.3112502308403368
NKX2-3,-2.3673122776518385
EIF1AD,-0.8906994023733215
KRTAP3-3,-0.014280840177809838
SLC26A3,-2.0854359105389197
EIF4EBP3,-0.6250073073961568
SDR9C7,-0.7049591868557146
GDPD3,-0.9697745774809564
PYURF,3.2438150103319816
NEK10,-1.4990993833656536
HLA-F-AS1,0.30449768838049013
SMIM14,-0.6261695272885436
TMEM19,-1.6946228596987842
ALPK1,-1.4293554347640833
KCNH6,-3.208148912893788
PUS3,1.760328024990868
NSUN5P2,-0.6769715850961936
SLC25A26,11.971047703303665
RAB11FIP4,-1.3473920717015975
CCDC7,-2.4750215695749676
LRRC31,-1.7507287739879087
LGALS7B,-1.4853075798940187
CDK5RAP3,-1.0134379932703972
SPATC1,0.8219635854488619
ANKRD24,-0.856735097757573
TCP11X2,0.7213455078663749
PNCK,-0.9722257872270906
PRAMEF5,-1.3057058732858478
PRAMEF4,-1.4107591697930069
PRAMEF15,-1.3057058732858158
NHLRC1,-0.5305914087390919
ZP4,-2.1182486480600122
LRRC23,-1.557471922195983
RDH11,0.8783244457049029
PPM1J,-1.9093027128369309
SPATA9,-2.7479072467737122
PRAMEF1,-1.7692404815502238
PRAMEF2,1.293298169809567
FAM71F2,-1.2666484550910762
MYORG,-0.8772691794475199
UGT3A2,-0.9117102565003747
ST3GAL4,0.9171320282456398
TONSL,-1.161304132179145
PXYLP1,-0.42968218534385394
TPST2,-1.6454330894956921
DISP1,-1.2575670679988447
FUT11,-0.8914534758712263
DISP2,-1.5351268358411372
DNAJC15,2.8456581172523716
TOMM20L,1.7367341638431069
MTIF3,2.500373928266234
THEM6,0.9996149720803841
MTG2,2.9678830726670853
AC139530.2,2.1926979960312147
MRPS21,1.895317900056954
ALDH1L2,2.8687332532587426
SLC30A2,-0.8130656570817901
TRARG1,2.8723122547739526
SLC27A6,-0.8365681930513613
SLC27A3,-0.8749588957570991
CPT1C,0.6353544185063552
PNLIPRP3,-1.1032454873025257
SLC35E2B,-1.2271416705521347
SETDB2,-1.4943423916228278
AFTPH,-1.2072426342330052
SAPCD1,-1.0661933123183835
TSEN54,0.481395488634478
C11orf80,-0.5256498037156883
KMT5C,-1.1142423616328203
STRA8,-1.3258351485769
HES6,-1.6810360279639782
HIST2H3PS2,1.7226418025187265
ZSCAN23,-1.4818313875360996
SH2D4A,-1.5245839491673603
CCDC71,-1.802347988850437
RDH10,-0.6974175837480728
LINC00908,-0.5241960533043813
TMEM159,-0.9744634323030135
GPR34,-2.5628297157090825
RRNAD1,2.5424830135151257
WDR13,2.8616353357408477
ZNHIT2,2.1347189452886117
GPC2,-2.032333374385645
SSBP4,-1.0085337763404598
UGT2A3,-0.9237667340869988
UGT1A8,-1.2333859983774538
UGT1A9,-1.5187359798552018
UGT1A5,-1.0044109109351727
UGT1A4,-1.1092028171715778
UGT1A7,-1.0508120103001062
UGT1A1,-1.5917544900305955
UGT1A6,-2.172979995157057
UGT1A3,-1.440152953769649
UGT2B17,-1.4723902068441275
UGT2B10,-0.9618483147590096
MGAT5B,-1.6044692191574361
RGS8,-2.07963610361623
XYLT1,-1.3972238972060638
UGT2B28,-1.9135761284947115
VXN,-1.5626990569584527
ACP7,-0.9797683955068941
TTYH2,-1.4607632179523573
PTRHD1,2.071294405518048
RNASEH2C,1.275623520368278
PDRG1,0.7949066230837432
CECR2,-1.148110392660564
GUCA1C,-1.9203692809587787
CKMT1A,-0.31963941355695946
CKMT1B,-0.10965444107843123
TRPV3,-1.0022742615235538
PHKA1,-0.8758906721814664
EFHD1,0.6462155318848176
ASIC3,-3.0698463403692866
IQCG,-1.854020964081849
IQCE,-1.3553477368906424
UNC79,-1.4558262898500858
MYH3,-1.8103460846976491
FGF11,-3.424728472619025
ARL6,0.5617231722072793
TRPM5,-1.2817954126401958
C11orf65,-1.2962202322536929
OCM,-1.4323071412967818
TRNAU1AP,-0.47130254019222906
LIPK,0.5187871519762574
NDRG3,-0.22220144249646992
PDE5A,-2.061285079597728
CTIF,-1.4757549747007979
FLACC1,-1.085768182370167
LOC102724652,-0.6398755877261674
FAM86C1,-0.3534441079438542
C10orf82,-1.4237468931358643
SLC35E3,-0.7868001246096707
KCNH7,-1.9927037673751866
SLC22A15,-1.48375097214554
C4orf3,-0.6207602170742834
SNPH,-1.5821918008444766
STXBP4,-1.4561799376252358
PPP1R3F,-1.073294120074387
PPP1R3E,-0.9810636069896206
PPP1R3B,-1.0296379326451492
NAPSB,0.016669454825645354
C1orf210,3.963485253730951
MAP6,-1.1223875823635776
GSDMA,-1.1001097589017628
PJVK,-1.7267372709284012
EBLN2,-1.3302696192289412
FAM83C,-1.561631107292906
EVPLL,-1.9590520799932805
TMEM56,-0.7943449610439424
C1orf68,-3.4172322540244706
TMEM223,1.2886709248843633
TSPAN14,-1.3740223124434716
NAT14,-0.5482048699260171
SLC15A4,-1.5027114991223454
GPR89A,0.08729443692517105
STUM,-3.7455964932069885
TSPAN2,-1.328956375216711
TSPAN32,-1.6708751889620859
TSPAN33,-0.5027177432352011
POMT1,1.1050143462384874
DHRS9,-1.3362948192226745
CXCL17,-3.1069823075309637
TMEM91,0.8017549345525841
KLRC1,-2.0138703460288
IFNA6,-4.353128782347961
C6orf136,3.1564527647285634
C1orf226,-1.1714786205496184
FOXN4,-1.944657493630989
MAP3K15,-2.1262564391877787
DBF4B,-1.210242530964007
DCLK3,-1.5376854801016606
CSN1S1,-2.4386753364798834
PMF1-BGLAP,-0.8682950729539521
LRP5L,-2.655728866354261
DCAF15,-0.860445694898066
SIPA1L2,-1.4711764867431063
HPS3,-0.5631437659903143
KIZ,-0.780814817362142
RPP25L,2.417861972556674
CLUL1,-2.478735223783747
FAM72D,-0.24850988346625505
FBLN7,-1.930696311392822
SPATA33,-1.8329210017948097
FTMT,-1.5154120012631056
MROH2B,-3.0487332867801307
ANKEF1,-1.4106974572175879
GTSF1L,-3.0951383827603185
ZNF559-ZNF177,-1.9166056757138157
SLFN5,-1.667667776748865
MBNL3,-1.0856264428108189
FAM210B,-0.7042909739728191
FAM104B,0.3701216140365786
CRISP3,-2.2954636083844586
LRG1,-1.8820290655571692
LRRC75B,-2.4533692865226477
RETNLB,-2.0994368952385085
MEX3A,-0.6834075846639514
PHGR1,-3.189983880538754
ANXA13,-3.861704076142493
TM4SF20,-0.8819007247744801
FRMD5,-0.8475599235245976
TMEM87B,-0.6197664378418319
NKX6-3,-2.389303067482008
CCDC68,-0.17446999048940262
TRIM73,-0.5051211234339393
PHETA1,-0.8021690728346159
RCCD1,-0.7405328138517269
MYRIP,-1.7350455212961724
SNAP47,-0.6471122413327105
SHISA6,-1.0975188986716051
KRT86,-2.089358454108157
SAMD7,-0.9742442551554121
CCDC24,-1.2966744015070464
ANO3,-1.3033314885679803
BEST4,-1.9002148287899512
ANO5,-0.8314019560604313
ANO7,-1.232154041062545
SLC26A7,-1.5888069660684212
ANO8,1.5682189289712483
ANO9,-0.782220302454041
ANO4,-0.4402586499285226
ANO2,-1.8296377852819172
BEST3,-2.2689486758439306
TTC39A,-2.4256151717942767
FAM131A,-2.2215353155800726
TTLL3,-1.007340111051076
MBLAC2,1.0865514258886344
PLEKHM1,-1.0206202086126075
FLYWCH1,-0.9513591073665539
BAIAP3,-3.1642115243752276
TMEM106A,-0.8354124987032349
SLC26A9,-1.7278322217535644
TENT5C,-0.7317887896654149
H2BFS,-1.069121995411917
HIST3H2BB,-1.06637992492518
GID4,-0.37984512677583326
HIST1H2AL,-1.148815461293211
EID2B,-0.845795152197938
DPPA4,0.4751206628187004
RIMBP3,1.0375987983814752
FOXR1,-0.7198809095287281
PLEKHG4B,-0.49132796612834084
DPH7,2.030910109423178
BICRA,-1.1891552589331205
BCL7B,-0.5783221353055304
SERPINB9,-2.5216409460083042
SCX,-2.6426582811606494
ZNF639,1.1205922552081664
PWWP2B,-0.8994531318305877
ZNF594,-1.9518309804710656
HDGFL1,-1.6844993583604737
ZCWPW1,-1.5369676700076005
JADE3,-0.815017134453566
RAP1GAP2,-1.9850390936534534
ZNF418,-1.9067154368612893
ZNF550,-1.8408863411034873
YY1AP1,-0.8732274015176241
AC005324.4,-2.10653628907738
METTL23,0.11837316438397853
ARL11,-1.4113368682098006
SAP25,-0.7640235867085083
DNAJC28,0.13474700981093615
DNAJC22,2.1368584224771823
EIF5AL1,0.34668365060572853
DNAJC25-GNG10,0.590624709003335
HSD17B7P2,-1.0913376573870577
IMMP2L,0.9824856131144003
TXNRD3,1.133051379836807
ALKBH2,1.1726727568739987
CNOT6L,-1.1839918929473812
AATK,0.5656730694319749
OSGIN1,1.1569247361855732
CCDC117,0.2659156186355763
STARD3NL,-0.08467826503550248
SELENOK,2.351904867319197
SLCO4A1,-1.5922437014076343
RNF207,-0.8195881275181343
CSRNP1,-1.8778517637579786
GPR37,-1.0442360457131312
ZFAND2A,-0.5919898943409466
LIFR,-3.4469922737281466
TCTEX1D4,-1.1638547982775571
YPEL4,1.0096871874695659
TRMT9B,2.833975836535871
MGAM2,-1.1575817262971018
MRM1,4.691049697786803
CORO6,-0.9428480280034118
FRMPD2,-1.2230807287542176
KAZN,-1.5255998674071733
OPTC,-2.1133252729633774
LRIG3,-1.584490170136367
THAP2,-0.22050299539364956
PTPDC1,-1.7093403673787735
NRG3,-3.171616313334726
NRG4,-3.625544821146032
KIR2DL5A,-1.9749620046579892
KLB,-2.28978361165985
OVCA2,-0.36137620815925003
TMEM220,3.447492271736859
LILRA4,-2.4534189082149584
LILRA1,-2.4081611685318878
THEMIS,-1.764467448955801
FRS2,-2.8629069630258224
SPRY4,-2.055457267645266
KIR2DL1,-2.405567355723664
TREML1,-2.6451033713311802
GAB3,-2.8329516173626774
KIR3DL1,-2.29611610341619
MID1IP1,-0.7447868251325441
GAREM1,-2.229923160814844
WWC2,-1.4944043870310342
OSGIN2,-1.1104421389035508
AMOTL1,-1.2136777165283998
OR2W3,-2.763110269464361
GALP,-1.3913287308351807
GPR151,-2.075972693019408
OR14J1,-3.428555667761765
FAM167A,-0.6806095320478386
L3HYPDH,0.11222616239082166
PPP1R21,0.6268359938328778
RELL1,-1.0895064681611872
SWT1,-1.1201743036172473
KRT82,-1.5387810025560644
GPR142,-1.0839154773862896
GPR82,-0.6525707678179699
GPR139,-1.0144454715433802
MT-ND4L,4.267725932528946
LY6G5C,-1.997763289458241
AGMO,-1.2088865320680955
IFNK,-2.1973854288077
IFNE,-2.5744861736892144
IFNL1,-2.478176185110255
IFNL2,-2.387430848194987
IFNL3,-2.25302803347567
IL17D,-2.1056993571107525
IL20,-2.330336325754419
SFTA3,-0.4519042334040361
SFTPA1,-2.093349697288498
CCL18,-3.3918996661068745
PTRH1,0.844774586725034
ATPAF1,4.691575137069141
EEF1AKMT1,2.4710446633094945
AC135178.2,0.3574049049176542
OGFOD3,0.032188627375782326
MANBAL,0.46723147788500735
C1orf43,2.9586275613370074
FAM118B,1.521971976071614
CCRL2,-2.09202398424071
VNN1,-1.0977936530039338
MILR1,-2.680902906638546
EGFLAM,-1.9353229331642878
ENOX2,-0.6948101503417384
ST7L,-1.7894736131348923
CA3,-0.6575608888717407
SYBU,-1.6007192960839363
PPP1R9A,-1.8545716936464172
SLC24A5,-1.8548695297207045
XK,-1.2008144603350008
N4BP2L1,-2.578494634712779
CHADL,-1.7416784598413058
ANKRD55,-2.3703789911133817
FMO5,-1.6711790142643315
KCNJ12,-2.443186214682765
RCC1L,3.2383518379566176
USP32P2,-0.9599381751208674
AL360181.3,3.7402583985679203
TXNDC8,0.511621652314938
C10orf67,-2.70648874622897
TAS1R1,-2.7174569611605475
SDHAF1,10.081418196707805
SNHG32,0.5575802330911122
CDNF,6.134514084338127
TMEM247,-2.455706342062456
C18orf63,-0.7639321176114541
SNX32,-0.6137068134656518
KLHL26,-0.6076560197443707
FAM156B,-1.030337206821198
FAM156A,-0.7598153041163034
CCDC196,-1.8689701556344995
SNX20,-0.3556964659258987
FAM81A,-1.0181434250408385
GAS2L2,-1.4519773873553254
PRPF40B,-0.5646024116923918
LYSMD1,-0.9082047007096598
JRK,-0.9661254871424642
EXOC3L1,-0.39491969602904653
FAM13C,-1.1515297793564727
CEP57L1,-1.0996970646117472
LSP1P3,-0.08165906890762832
CEP95,-0.4978872021885122
AARD,0.014121893500412921
HABP4,0.21837554021424777
C2orf80,-3.1596917023050812
PRND,-1.6222342128500569
GTSF1,-1.364795273838652
DEFB119,-3.014158149343397
AXDND1,-2.3335460731391513
KLHL15,-0.05947035722884117
LENG8,-1.0678651782961002
PSORS1C1,-2.5381941391856864
CCDC179,-2.134604893761205
DMRTA2,-0.9076624325633352
SNORC,-1.0607541399137648
TFF3,-2.7829305047306865
ZNF852,-0.5977425803877704
ADGRG4,-2.205199231534738
WNT7A,-4.761645281478467
RPRML,-2.067145419354374
GXYLT1,-0.8001095353474138
LYPD1,-1.5233261377557135
ANKRD9,0.320812674412409
NEURL2,-0.9278548181725126
MICALL2,-1.3398973521144522
RRAGD,1.032812198532585
NDRG4,-0.8294867631308721
ELMOD1,-0.6136235995935179
PABPN1L,-0.5407911160394376
CELF6,-0.6092696317298147
CD101,-2.769243219611797
BCL2L2-PABPN1,-0.923015156804777
AP002990.1,-0.3642560807971358
LIN28B,-0.40826996548452515
RTL4,-0.7043059088240641
AC245033.1,-0.31616028812239094
KIR2DS2,-1.0637434128770864
GPR89B,3.093051572456538
LRRC28,-1.3933906976546169
H3F3AP6,-0.43480226004283895
SFXN2,0.3217637902710673
AP002373.1,-0.16798297053370803
SBNO1,-1.308810740628299
FCRL5,-1.828153365895942
SMIM20,3.44695074721067
SH3PXD2B,-1.445070500901747
AL355916.3,-2.3722812197697607
MAPK15,-1.8101431580562253
CBSL,-0.27332571676461787
HAS3,1.396700898812007
SCML2,-1.4394468405774339
ACKR4,-2.274546108516144
MT1E,-1.4147884270445483
HACD1,-0.46649301303869756
KIF26B,-1.579704302723082
SBK2,-1.0730115410058192
SLC12A8,-1.3193763553166755
SPDYC,-1.305395835711639
CSNK2A3,-1.7268970738592384
MSS51,-1.0528715666797932
GANC,-0.8562384992020531
ZSWIM8,-1.4727442586157842
KLHL29,-0.8068609040307574
SLC25A30,-0.4152469382929689
KCTD21,-0.503072016626201
IGLL3P,-2.5496809346306915
PARP9,-1.925981249717972
BPIFB1,-1.9133877388897462
KIAA1324,-1.7190781597273739
SCGB2A1,-1.8312246785457433
PDE6B,-2.268601747678027
SDE2,-0.595229954852021
C3orf38,1.8529797441796734
PPP1R15B,-1.6867007168842774
KIAA1586,0.6159034648483314
DNAJC25,2.9277405096171165
RNF43,-1.700357345012984
VHLL,-0.7178702924023728
LRRC10,-1.4512849902472988
FAHD2B,1.6192087607086698
CILP2,-2.1540388811141624
PCDHB7,-0.6791567000548685
PCDHAC1,-0.10452256073590284
GPR63,-2.8462566968391223
HARBI1,-1.3240265058569982
ALKBH3,-0.14572982259155953
NFE4,0.18875583918056865
FRMD7,-0.7894147420077721
LSM11,0.18300504491810257
TADA1,-0.6515900954469118
SUPT3H,-0.9305003048019489
USP17L1,0.28223159026079614
MEDAG,1.360108661532154
RIPOR3,-2.7191200291063944
TBX18,-2.2039796722921925
EIF4E3,-1.171993289500358
RNASEK,0.7635601932428627
VILL,-0.6271604779753498
FAM3D,0.29112082075482176
NUDT22,2.938813961571536
CNFN,-1.91276327983979
GRAMD1A,-1.4699352935654064
HSP90AA5P,-0.8947199631362924
LZIC,0.042825921116810994
MTBP,-0.4674485300212867
ZSCAN25,-1.0257092450910037
XRRA1,-1.8650782706760929
PARP6,-1.0250224982094278
DTX1,-1.7713987644355096
SPRY3,-1.3104256113333408
KRTAP2-4,-1.3189721311539617
C17orf50,-1.8985223101383968
CCDC125,-1.5997551561087628
SNRPD2P1,-1.8546068370209532
HSP90AB3P,-0.9445924147526797
HSP90AB4P,-0.6917751519594542
H2BFWT,-0.9274645071631102
NR2E3,-1.5455934153552917
ZNF589,-1.9698620069590747
LOC100996709,0.23232698719040912
F8A1,0.40044910728961103
P3H4,-0.7582461006842852
AC093155.3,-0.7171812711296469
VCX2,-2.14581410290504
FRMD1,-2.1757740774023535
CA8,-1.7066492603804648
PKD1L3,-0.9944833947476189
TMEM88,-1.8925876119520506
CLVS1,-0.9635006276874191
HEXD,-0.2392258784986035
SLC27A1,-0.9794702241864148
KIAA0355,-1.7949785681190078
ZHX3,-1.4045095617766088
TNNI3K,-0.1303550358285086
HMGB3P1,-0.2887359724001141
OR8U1,-2.7238051803888763
GLDN,-2.5170294548220395
UNC80,2.0285171553518593
OR2L13,-2.002861729264575
ZPLD1,-0.6644355794174781
SSX5,-0.09942942455464611
SSX1,-0.8097534888719867
SSX2B,-0.31121348146510697
EID3,-0.8341582684312737
MAGEB3,-1.4041871074198244
C19orf84,-1.8992411186242402
MAGEB16,-1.6099292484992462
MAGEA9B,-0.5942019234887286
DNAH11,-1.3965104789456608
LRRC38,-2.324403382759392
OCM2,-2.483607608281384
CALHM6,-2.1547316959350162
ARPC4-TTLL3,-0.8021875891196129
TOR1AIP2,-0.2762387624828245
KIAA1211,-1.0753795031066835
STYXL1,-0.212454742997115
CPM,1.057130753644547
SLC17A8,-1.624930477739873
BAIAP2L2,-1.479471159039982
C11orf86,-2.366584818172817
MS4A7,-2.1115198310171577
LRRC66,-1.8933234629446196
MT4,-1.5877312548290423
LCN6,-2.3653722839690574
LCN12,-1.8266941289050114
LCN9,-1.9316906094465935
LCN8,-2.1418389771302286
WFDC10A,-1.9213827429832293
LCN10,-2.250199208615998
SERHL,-4.318058586035007
ZFYVE28,-0.8370671568516018
RAET1G,-2.2114873554314953
KLRC4-KLRK1,-1.9575784620945025
RAET1L,-2.2731190724824333
MICA,-1.5961367248520957
KIAA0391,4.6208030657518515
THEM4,0.3352216704650384
RCAN3,-0.7243908514468447
TRABD2A,-1.1687720770157337
PIGZ,-0.4775484651873249
RIPPLY1,-1.1834250473364782
CCDC183,-0.9289797237364803
SLC22A17,-1.5403178711706607
IGSF21,2.337439784700005
PLEKHG1,-1.4937889845366579
FAM45A,0.14114919452592473
OR52N4,-2.7645193958640606
OR1L8,-2.7356494312368236
OR52N5,-2.7278153911139
OR52N2,-2.7282378785163277
TIGD3,-0.7997321917411595
ENPP6,1.5415388365745364
CMPK2,1.1718240015916166
GNPDA2,-0.11625963410665692
OR52N1,-2.8493352344410514
CCDC82,-1.2086699741958107
UNC93A,-1.9519706595447484
SBSN,-1.4926312063033613
KRT79,-1.668264933207717
NKPD1,-1.7997940258240435
FCRLA,-1.9296716490137875
PPIAL4A,0.6072351490146414
CCDC97,-0.4176615017307682
PPIAL4C,-0.9540755981418761
PPIAL4G,-0.9540755981418839
KRTAP6-3,-1.5769765501869581
KRT80,-1.44699867922007
C9orf106,-0.86827229048492
SLC25A18,0.41759573121659693
CSKMT,4.131945502761355
RHOXF2,-1.689733874009283
CDY2A,0.04006162898353335
CDYL2,0.36915199153566464
CDY2B,0.8287475396410394
ECHDC3,1.0133936239548904
AC008982.1,1.6271829338968133
CDY1B,0.7778812567482364
SOHLH1,-1.8740052849350115
SEMA3B,-1.419044607697549
FAM160B1,-0.36169326265626855
OR5F1,-1.681338792626707
IRGM,-1.3016866827754647
HGSNAT,-0.8274395646356422
CALHM1,-3.4067258040668524
TTYH1,-1.6299168266916066
FAM171A2,-1.2085978335510825
GRAPL,-1.4860406669680915
NDFIP2,-0.5926349901876418
PPARGC1B,-0.41762298754394245
SH2B2,-1.941671188579674
PTPA,-0.29216933020454566
TGM6,-1.8191110418022909
CEACAM3,-2.1092951995724714
ARHGEF28,-1.958151814540542
SPRR2A,-1.6516834591480645
ARL17B,-1.3590684022815942
ARL17A,-0.8972926683965422
ACBD7,-0.6549430526655882
STAP2,-1.8771662505325262
C1QL4,-1.0912893401489268
ZNF658B,-4.2156353428066895
SRCIN1,-1.2196833956204254
ANKRD18A,-0.557937366275427
MTHFD2L,1.953054903965183
B4GALNT2,-0.9733768850119068
POFUT1,0.23874907494463923
LRRC18,-1.9512981590500182
ISLR2,-2.104798377211207
ZBTB12,-2.3660850140191023
RPS6KL1,-1.1587011365007107
STKLD1,-0.5106789793871211
SPATA25,-2.479706819366689
PLEKHG4,-1.5885259321152778
KLHDC1,-0.7806549930382017
BLOC1S4,-0.18109185130139666
EFCAB9,-1.5584250137838633
C12orf57,-0.28690561716562885
CAPN12,-0.8779584292681775
SPATA21,-1.5932255768088808
SYCP2,-1.6081140777613248
MYOM3,-1.2540690169529727
ADPRHL1,-1.2783134674153083
KLHL31,-1.1116241253320658
LMOD3,-1.3947748796586097
LMOD2,-1.560513249677884
CCDC150,2.899021465094944
AZIN2,2.1923739895733325
MPV17L2,0.7116526660755829
POTED,-1.8089416833347347
PDE6C,-1.960192064255125
VASH1,-1.2550568076317594
WDFY4,-1.9500733452499517
KIAA1549,-1.490921794088062
LGALS9C,-1.5467767118688456
LGALS9B,-0.37716202292576917
LGALS12,-0.8604491552973537
PTGFRN,-1.2857385726064434
C1orf159,-1.2254345736077779
TMEM182,-1.8923009040842182
MFSD4A,0.07993072892013602
LGALS16,-1.2358361478941686
MT1H,-1.3869418803538507
B3GALT2,-1.053212738686415
MIA,-2.4797568321176575
PNLIPRP2,-0.3212632859969844
KLHL8,-0.7392014832649302
MGST1,0.7396984242850712
CEACAM7,-1.9965273498849079
SLC22A18AS,2.9086346687191647
APOBEC3A,-1.7854868630303038
CCL4,-2.2434534342909935
RTL10,-0.7812495745183968
GGNBP1,1.3666381814981456
GKN2,-1.8914694527823606
EPGN,-2.447233765255887
ASIC5,-1.7599526238064527
L3MBTL2,-1.528578931083688
KRT72,-1.893969055724536
RBFOX3,0.8115299583553723
IPCEF1,-2.7304717128801594
ESPNL,-1.5423368641926194
NUDT8,0.8573421870105287
THAP6,-0.20821172170466637
RAB11FIP3,-1.6029549162178323
AGAP7P,-1.4900277023635773
FCHSD1,-1.6859997765580146
PLEKHA3,-0.8962732609799825
CFAP47,-1.229010859992587
SMCR8,-0.7616922569136074
TLNRD1,-1.1433519416777973
DDX11L8,-1.2522366043017
METRNL,-1.2012759062068068
LYNX1,-1.8334518664295265
CERCAM,-1.2358600519481646
TEX101,-1.7008055298917426
MT1HL1,-1.3434577179381617
LARGE2,-0.4439229891394063
PSCA,-1.8671995638383043
LYPD2,-2.054275054833418
KRT28,-1.3586037231527759
KRT39,-1.5859005387120957
KRT71,-1.2963405229423206
KRT73,-1.3433537172176837
KRT84,-2.137028768093635
KRT26,-1.3402643420759097
KCNK13,-2.0531750176933037
KCNT2,-1.9944317899561241
SLCO3A1,-1.6054085948134071
SLC22A10,-1.3863951346344614
SLC22A25,-1.6754125329713239
SLCO1B3,-2.1472590013817476
SLC16A14,-0.8808006425423236
LRRC26,-2.560788624822792
VSTM2A,-0.8652644411763314
PQLC1,1.8303099147791133
WASHC1,-0.6457639114389431
LOXL4,-0.9475364290647148
GPAT2,-0.09321349440809386
AGPAT4,0.7619654080201823
HAGHL,2.6553919460110387
LRRC29,-1.5578866497855377
LRRC69,-1.6562931385272037
LRRC20,-1.379254320568515
LRRC30,-1.6025082360313965
HYAL4,-0.8506985542104218
A4GNT,-1.966616007145068
GALNT9,-1.4649597788928814
RBM14-RBM4,-0.8414783644099456
DBNDD1,-0.5956890613657921
ENTPD5,-0.8742519758714009
SEMA6B,-1.5353813346462515
CRB3,-0.5971425065103655
GIPC2,-1.5540366019854897
GIPC3,-1.2158537491858665
PKHD1,-1.9515791049617073
ATAD3C,1.1000959390177576
CERS1,-1.0312582592203807
HHATL,-1.1310214503829932
AHRR,-1.475806028477291
ANKRD36BP1,-1.5188103084387654
BCL2L15,-1.2015870329202842
SLC2A7,-1.0168822098841903
ALG1L,0.04815941593154474
PIGY,3.2962805423769588
PIGX,0.008247348194930608
SLC36A4,-1.0452306234434081
PCTP,-0.06631791373241727
TBC1D3,-0.7251076760643408
DHRS7,0.06570512230242885
ENPP5,-0.4308337773688323
ENPP3,-0.05025918332419758
ELOVL4,-1.2270921821467575
TXNRD2,3.3024947687676263
CLDN8,-2.5590632786222733
ARSD,-1.3035358655586722
NIPAL2,-1.7870626351449248
VTCN1,-2.2547627319986283
PLEKHS1,-1.4172340431781216
CST1,-1.2408362992741746
CST4,-0.092371380220233
PFKFB2,-0.29849824169194616
DYRK3,-1.3493249641147063
ZNF18,-1.1094335841249299
GZF1,-1.2943388485706182
SLC25A38,1.02618889733419
PHLPP2,-1.6625578788943092
FAM43A,-0.41029368328303534
C9orf153,-1.9423630395563076
TMEM254,0.16744253505970777
CCNQ,1.32564057093859
IGFN1,-1.1639039217344367
CELA2A,-2.442982489401546
SERPINE3,-1.9469111493467939
BORCS5,-0.41767616601580826
TMEM65,5.059891143131168
BEND3,-0.739124194162542
ZNF496,-1.6532566503341897
ARSH,-1.5451194249030842
ZNF391,-1.3129786976979185
RSPO4,-1.2097938607657766
CATSPERZ,-3.6478754998767005
ZNF366,-1.6491194089943422
CES5A,-1.0693650095910936
GLIS1,-1.6921743541993275
PDILT,-1.010262689366008
ZNF319,-1.4682753277290699
CLEC2A,-1.8312781232167075
SLC37A3,-0.810124902555712
WNT9A,-3.88935730231386
SRRM4,-1.0327091502935413
DCAF12L1,-1.4312540477557352
PCDHB12,-1.0160693833275178
C2orf78,-2.3036237668801807
POTEC,-1.536782361838967
KIFC2,-1.7959552850581397
USP42,-0.7506932115651651
CRIPAK,-1.320162891291767
ADA2,-1.0308262803506265
KIAA1257,-3.0925594749500185
C12orf56,-2.704535455832697
CCDC177,-1.8068718322488662
FUZ,-1.2262131964392171
NRBP2,-1.2054365126185738
C8orf44-SGK3,-1.032651883416662
NME2P1,-0.8159555964747031
GOLGA7B,-1.0046657324412946
TAPT1,-0.3342319836798523
FOXRED2,2.3324922696317523
SLC25A25,1.4577219212094192
LVRN,-0.6128658549730952
ERAP2,-0.726083516161198
TRHDE,-1.0380300780365905
TEX261,-0.6223902954918207
SLC52A1,-1.8550481455946162
RDH13,1.436288937374605
MIEF2,-0.10206118091327057
PI16,-0.8385794205848716
MSH5-SAPCD1,0.6473296809741796
GSTA5,-0.5905634108570392
NHLRC4,-1.2936756147185997
CMIP,-1.6195344232983844
SH3TC1,-1.8597183219672335
C8orf76,0.16816702797440658
SPNS2,-1.1489660719322565
PROM2,-1.2262471942596096
OR11G2,-2.7252404503998537
DCST1,-2.026539009982372
FAR2,-0.622338547774911
MANEAL,-0.7060849312183106
ZDBF2,-0.6629277223704657
CCDC102A,-1.021341405453702
FAM199X,-0.8250403133729912
SLC39A13,-0.9711316833109923
AC006538.2,-1.1018133691535845
GLIPR1L2,-1.5626390161879973
GLIPR1L1,-2.6375583985586135
PDZD8,-1.3519655559519437
TNRC6C,-1.7769181982086448
TC2N,-1.5856301604018836
TUBE1,0.5970656574274671
RPP14,-0.008519389937075815
CSDC2,-0.8310452134011764
TMSB4Y,-1.4816464362819983
PHLDB1,-1.9939900763512592
RGS9BP,-2.458095692248599
PCDHB3,-0.8885373271860051
ACOT1,-0.058920340275166946
RNF214,-0.4303797684670887
LCMT2,0.2555379394996835
GAREM2,-0.9322456293277132
PRRT4,0.99110283637424
RTL1,-0.43368799919102863
LEKR1,0.8723153078863903
SOGA3,-0.13992630013586335
SCUBE2,-2.340142297233875
FAM149A,-0.9026511506980553
CRLF1,-2.721817270688117
LINGO4,-2.4535769228301074
TBC1D24,-1.3527519957719514
EMC3,2.0171253418270263
ZNF177,-1.9320856412096694
RTBDN,1.490974272147116
BPIFB2,-0.8548365895590425
BPIFB4,-0.92831449733545
IZUMO1R,-1.2861512380753033
C2CD2,-0.9614258444631812
NYAP1,-1.5296963601991134
NYAP2,-0.9301631602037673
RCSD1,-1.9246277939566037
REP15,-1.6034579295093718
AC093525.2,-1.5431149279354608
TBC1D8,-1.5968445070489568
MTX3,2.190699944527794
OR9Q2,-2.7274738195497354
RSPO2,-1.362466246255219
RTL6,-1.1689150423123558
CHAC1,-0.308484792728855
TEDC1,-0.35182622018391563
TNFSF12-TNFSF13,-1.4188040166485967
SEMA4B,-1.7272980398400601
SLCO4C1,-1.382972085459162
AC011604.2,-1.5314333662696766
ELOVL7,-0.6730052813968509
CERS4,-0.9643264137517304
CERS5,-0.5902541131823175
CERS3,-0.9776438039251538
SRD5A3,-0.7958286530511258
RIIAD1,-2.2630190363957814
PURB,-0.6558212241228218
CHIC1,-0.5782161318414147
LRRC61,-1.672374147091536
PKHD1L1,-1.3385992808229237
SLC49A3,-2.3924546084524123
CHRDL2,-1.626270117390947
PPP1R14C,-0.7782954687946453
NXPH4,-3.3080314107572923
GSTCD,-0.784619931333667
C12orf60,2.4080457116688905
WFIKKN1,-2.0609331108438678
DACT2,-1.6136736018210003
RHBDL2,-0.5948651353091359
CCBE1,-1.3223871308396793
MMP23A,-1.8244306252641846
POGLUT3,-1.07660767200486
POGLUT2,-0.9239885727188073
DCAF4,-0.4700218894068708
KAT14,2.25182010051101
OR5R1,-2.4201380084990065
RNF222,-0.21031205818280135
ZNF608,-0.7335504941186402
EEF1AKMT2,2.533736124506278
FAM133A,-0.8969811696501253
ANKLE1,-1.234223344250467
NAIF1,-0.672914402905804
NEXMIF,-1.0908105928571572
SNX22,-1.107262713815281
NXNL1,-0.12959419570590602
MYOM2,-1.0188124517545123
HSP90AB2P,-0.6348944511778477
SIRPD,-0.715250019541505
ANXA8L1,-0.6309141827539503
MMS22L,-0.6237955376101358
CDAN1,-0.7767821298572094
H2AFB2,-1.2164634130951548
C15orf41,1.3794054545998484
C18orf54,-0.2230087216415184
GOLGA8J,1.2932981698095671
NDUFAF6,8.096227292359792
MT-ND1,6.601923519203779
GOLGA8G,-0.05382503455206091
CCDC58,2.7888509825168786
DNAJC14,1.7986179605943955
GOLGA8B,-1.237184564895837
C8orf44,-1.0446015535904922
SPRR2E,-1.8652065655524992
MAB21L3,-0.8947052356495814
CT45A10,-1.1619532591614028
SLC24A4,-1.7485638968605408
CCDC191,-1.4097200673118007
PITPNC1,-0.936832497318477
RSPO3,-2.22813050612084
RAPH1,-1.6064329262091663
DEDD2,-1.0037091943958265
TMEM176A,-2.106512551395085
COQ10A,4.532365827842191
TERC,5.083002099238216
BOLA2B,3.884247176041428
TSPY3,-1.6181208852069284
HFM1,-1.2291583146844165
DCAF4L1,-2.193936281897184
ESX1,-1.1229826940217267
DND1,-1.0345391409611884
KIAA1210,-2.069386280807743
WFDC6,-2.7637101443038996
AC012184.2,-0.19159873335607458
TMIGD3,-3.765309265842357
TSGA13,-1.2092684190963379
SPATS2L,-0.966876954566074
DHRS12,2.946342714867224
NDUFAF8,4.232192936740805
SPRYD4,2.726785313742724
SUGCT,3.56359946087672
HSFY1,0.8622090882487873
MBD6,-1.2365502879466366
EPOP,-0.23794383338891528
MBD3L2,-0.4627407988088785
ZRANB3,-1.2994182343214167
ALL1,-0.7334297589317795
ZFR2,-1.7827507700194238
FAM135A,-1.0638132958758784
SNX29,-2.000663822113822
NUDT13,0.21728479216491453
TBRG1,-1.2762161871278248
SYN2,1.0953271265816262
ZBTB49,-1.1762054643485118
FIGN,-0.07049918131088213
NEURL4,-1.1904747304466432
NHSL2,-1.4978854584395607
RPP25,-0.19576793269509837
STX19,-1.3078244121488176
NUDT19,1.6618248053413276
RILPL2,-1.113069523125974
STARD4,-0.65042695267922
PHRF1,-0.5487426670156387
EPR1,-2.8295235280320976
ZNF137P,-1.3684558884306484
STPG2,-1.2486504842815924
OFCC1,-0.5018550128976912
ZFYVE19,-0.023929606963281523
TTC24,-0.07184425872256221
AL139300.1,0.19190851971178224
IL17F,-2.2679183386142086
FAM118A,-0.5130337833034122
PWWP3A,-0.8445161052578335
DEPDC4,-2.0193469755797238
SCIN,-1.3997499455219986
MAMDC2,-1.3424397790135896
FAM126A,-0.9048260313656339
FAM216B,-1.888995889778503
CES4A,-0.5883618324234887
DTHD1,-2.2718258244749276
FRMD4A,-1.2981481915397672
FAM221B,-1.8954562664128725
DOK7,-1.710681815948165
CFAP161,0.47720329045944704
KCTD4,-0.7551643781819415
RBIS,3.050371655188761
CD5L,-2.8545809572263345
LRAT,-1.0269505585247605
FAM83A,-1.3219344189238547
NXPE2,-1.0759315884854705
SLC26A11,-1.0335049397584113
KRTAP3-2,-1.6156199014600638
LCE1C,-1.2568580014556854
PRELID3A,0.27458794087316635
C22orf39,-1.00538396994768
CLYBL,1.9570727120664986
CTBP1-DT,-0.04941822018508063
NEU4,-0.5790081605922482
C12orf49,-0.4897700036018263
LINC00663,-0.784231268687776
LINC01547,-0.8127639986131426
DAND5,-2.1235984516627484
VIT,-1.813011153659224
ERI2,1.331367796187774
EVC,-1.5111722054172707
MAGEA12,-1.0054000208945975
SLC16A6,-1.201091654486224
EDDM3B,-1.8831714111088727
SLC7A6OS,-1.040072028064077
SLC35B4,-0.6832055652202128
SPATC1L,-0.6978179904472999
PANX2,-1.289805427017924
G6PC2,-1.0865357920088838
DZANK1,-0.8877762702442638
ACP6,3.0918261932238393
ALKBH6,-0.21452139580520962
TIGD6,-0.7425924017595394
TTC25,-0.7249558624688082
ELMOD3,-1.0682009571560303
EXO5,0.057438242514820735
C11orf1,-0.8838461880994982
PEX26,-0.11771499572137381
TMEM101,0.6938573910958041
PLGLB1,-1.364788309315187
MRO,-1.1345421180140687
SLC19A3,-1.159031551120135
PAQR5,-2.5168340280819095
OSCAR,-2.4632544011412643
CHCHD5,4.391939924118113
SLC25A51,0.7512313991190713
MEF2B,-1.0817490520357893
GPR160,-1.0892111587780802
IFI27L2,3.82810870398701
CARD19,-0.47098507710874493
ZAN,0.28940136489114293
FAM107B,-1.011398264990538
SMIM12,0.40184654033093853
KLRF1,-1.3791574235601782
PRELID2,0.6578448022361474
C19orf44,0.5792724089733313
HYAL3,-0.4254713639373774
GPR146,0.27324628288149194
MTHFS,1.5632402308383437
DPH6,0.09789715163797862
MON1B,-0.6935394912870657
BCO2,-0.33846280410284907
TMEM245,-0.1165154238763383
TMEM242,0.34561818981315545
CDKN2AIPNL,-0.3121865160361917
SH3BGRL2,-0.7423858056696954
PRR36,-1.388287239033093
SNX11,-0.8505106397191707
TMTC4,-0.9581737995922379
PART1,0.2894013648911429
TMEM187,-0.5604469231192809
TCEAL3,-0.7396130312884095
DACH2,-1.4904122280704337
TMCO6,0.49323212381448367
CARMIL1,-1.0104280571474327
CGAS,-0.2375484719176427
GPR108,-0.43903068134101564
MPZL3,-1.3908174869426793
OSBPL7,-1.890819129134877
RUNDC1,-0.7440572013587943
DTX4,-1.6853046996817092
TBC1D19,-1.3513020840358527
KRT222,-0.23529387368683255
TMEM266,-0.7966788728476581
C8orf48,-1.3080337198745866
NBPF7,-0.23529387368683255
CCDC74A,-0.4431006089114536
METTL27,1.3585888856376618
METTL21C,2.667697446250333
NBPF15,-0.2035191010484737
SNX15,-0.9008744444021426
CCDC74B,0.5016139887993527
NBPF1,0.08612241966635896
SERGEF,-0.7124624003446988
SLC2A13,-1.0660870891820693
MCCD1,-1.8373679243642793
SLC47A2,-1.54307581657333
ANKRD36C,-1.7275801791359982
IPP,1.2362877223079909
RABL2B,2.063634444144081
LRRC27,-1.8540089660661168
GATC,4.401636454939564
LILRB5,-2.09023070810434
CLEC4D,-1.9017973574731273
CLEC4C,-2.227511962163675
FLVCR2,-1.515915913457076
CLEC6A,-2.102919484892602
EFCAB5,-2.793799699376502
OR5V1,-3.2712801061259102
SPATA31D1,-0.9619079377549493
RIBC1,-1.2364201280497258
KIAA0040,-2.095160993775917
IL20RA,-2.4198123654796024
SLC25A29,0.8050309273921036
HSD11B1L,-0.1866496611957501
GPR19,-1.6598357290588828
FRMPD3,-0.4765305946293086
FAM241A,-0.597813936604599
C4orf33,0.21023388649546107
SRD5A2,-2.1241780244332964
TRMT10B,0.9394845632776724
TMEM64,0.4043923650030435
NKD2,-1.5853374950330252
ANKRD36B,-0.9209307754956044
ASMT,-0.5950194894180658
ZNF438,-1.5244572775119924
LRRC63,-1.4799382760619981
LIX1L,-1.0924555166868186
TBC1D3C,-0.933448755595276
TAMM41,5.490374407873228
SPRED3,-0.4581773341837588
CRYBB2,-1.5919288202177455
STPG1,-1.7730270461321362
RSPH10B,-2.336636515382882
SPATA6L,-2.7611454492362015
ERICH2,-2.306981675266159
VWA3B,-2.629845354200867
PBOV1,-3.7242538727224996
ACAP3,-0.3083001215535136
PTGR2,0.6672074650385136
UGT2A1,-0.9890557924215042
BCO1,1.347080032876246
APOC4,-2.469302596491122
ADH1C,-0.9013138356020397
RDH12,-0.37971463843805464
MICU3,4.265794790147379
PKD1L1,-2.0142332422465143
KANSL1L,-1.2557625582141516
MCOLN2,-2.2124470635767555
KREMEN1,-1.8505132561335844
SORCS1,-1.1006822058762353
SORCS2,-1.211888882241239
C19orf73,-1.6244193832407912
STMP1,1.5921628929276874
ZNF746,-0.6288345638622466
OR52B2,-2.7451389605564755
OR52B6,-2.7304801659249023
OR9I1,-2.5337935722857807
OR10T2,-2.7730145248443043
OR5D18,-2.72548885712816
OR5D16,-2.7290288521207122
OR6P1,-2.7285770106218794
OR6B1,-2.8640464251178295
OR6B2,-2.8275342799062613
OR13F1,-2.726704341766595
OR51Q1,-2.845217453544721
OR10K1,-2.7361029810472033
OR10G4,-2.8547352215463815
OR4C11,-1.9078544978014946
OR4C13,-2.725279271408632
OR1Q1,-2.8746565928733836
OR1C1,-2.8404130192620105
OR11H12,-2.7956229278150158
OR8D4,-2.206017722858386
OR2K2,-2.7556702324892473
OR5AN1,-2.730035168060275
OR6S1,-2.725767300433756
OR5D14,-2.7672995334033934
OR13A1,-2.7267733041023807
OR51B5,-2.7282634848758742
OR51B4,-2.7882536575877053
OR51B6,-2.6921102467587255
OR1I1,-3.0698326095387625
OR10V1,-2.72800745993173
OR4D10,-2.512439325408628
OR4D11,-2.728517327933175
OR1L4,-2.727445378245015
OR1L6,-2.7272834615469383
OR1L1,-2.7223184296500187
OR1L3,-2.7673721246496674
OR2J3,-2.653892124195481
OR2AK2,-3.0093659463721747
OR2AE1,-2.806870506379356
OR9Q1,-2.7304801659249
OR51A2,-2.6963152957329513
OR51A4,-2.0518655694601917
OR4F6,-2.754493574773692
OR4F5,-2.927515851989001
OR6Y1,-2.93428118151399
OR52A5,-2.4135917403592875
OR1S2,-2.486024066370044
OR4F21,-2.640064513407425
OR10W1,-2.7266561090402264
OR1M1,-2.4230032663280068
OR8B2,-2.7611381855157706
OR8B3,-2.728281105724558
OR8B4,-2.725096678558406
OR8B8,-2.8759485713923896
OR52M1,-2.728307619174746
OR6K2,-2.673612613776072
OR2AT4,-2.4768624008632774
OR4F4,-2.7235933870080524
OR13C4,-2.1996350643921314
OR13C5,-2.731129044350747
OR13C2,-2.728213229483365
OR13C8,-2.85455787180228
OR5A2,-2.8759494771552694
OR5A1,-2.8399833759164337
OR4E2,-2.7318942022992494
OR4K5,-2.705074881144379
OR4K1,-2.721322059764805
OR4K2,-2.7189414949175514
OR51V1,-2.983306722289217
OR4F15,-2.728172867698092
OR4F17,-2.7302886219616007
OR4C46,-2.725920999877883
OR8S1,-2.974942656876022
OR10P1,-2.565924692367289
OR1N2,-2.7240554474124847
OR1N1,-2.7267007914967376
OR8A1,-2.7289444079333016
OR52L1,-2.509594465976936
OR2Z1,-2.7274671449512105
OR2D2,-2.9256574323536224
OR2D3,-2.7262384259765104
OR5B21,-2.7266398005105352
OR5AC2,-2.7313552314537275
OR5B3,-2.393236328523011
OR5B2,-2.992430040761158
OR2AG2,-2.7280734422222603
OR2AG1,-2.781150386710034
OR51G2,-2.4755011670503433
OR5T1,-2.796585826414267
OR5T2,-2.978088982908755
OR2A12,-2.725975050972456
OR2A14,-2.725120659182238
OR10G7,-2.5833298965343143
OR10G3,-2.708847821365865
OR10G9,-2.957155596036595
OR10G8,-2.320384434002289
OR4D9,-2.4719402474727517
OR4D5,-2.7282298571302688
OR14I1,-2.526337708335571
OR10Q1,-2.727478974709632
OR10AG1,-2.590946622406042
OR2G3,-2.7258170214867388
OR2G2,-2.831586658667002
OR2G6,-2.845779829750017
OR2A25,-2.9473402222693386
OR5C1,-2.724526780567434
OR9G4,-2.8246183438425967
OR9G1,-2.807916551934296
OR5H15,-2.720570324844839
OR5H14,-2.725238697655635
OR51T1,-2.376920828282173
OR5B12,-2.7296213543441863
OR10R2,-2.72645713809746
OR51F2,-2.6464041061714214
OR52J3,-2.720169915547419
OR8B12,-2.722090487736902
OR2T8,-2.523251085861597
OR2T4,-2.7237890199750034
OR2T5,-2.7261420770959766
OR2T2,-2.730480165924905
OR2T3,-2.7141601375227777
OR2T1,-2.7277846601673676
OR11L1,-2.730480165924905
OR5AS1,-2.72815906149897
OR6V1,-2.725244587083219
OR1J4,-2.8501324173015017
OR51E1,-3.2350851613516953
OR52H1,-2.4009697453813734
OR10A3,-2.9127704835519252
OR10A2,-2.728577834002529
OR10A5,-2.488244327132982
OR10A4,-2.8359281747422003
OR10A7,-2.72591696410142
OR51M1,-2.7281276773651513
OR10S1,-2.728181103260086
OR52K1,-2.978550498646913
OR52K2,-2.657832215145252
OR2V1,-2.727417490334611
OR7A10,-3.215637386885594
OR2AP1,-2.4313440546835428
OR2A1,-2.493593609667882
OR2A2,-2.8587118483273537
OR2A5,-2.7244157914504887
OR2A4,-2.9647989526133083
OR2A7,-2.872420064689636
OR2T34,-2.734022590105316
OR2T33,-2.7258304634096393
OR6K3,-2.721117202211299
OR6K6,-2.7290469507628625
OR7D2,-3.2633129516745263
OR51D1,-2.725100661527897
OR5W2,-2.683565857234184
OR6C65,-2.42815060547976
OR6C68,-2.4313440546835436
OR9A2,-2.722922938856737
OR9A4,-2.728221587440778
OR4A47,-2.736220162282472
OR13C3,-2.55909529155933
OR13C9,-2.7466941215745764
OR10AD1,-2.5411676171930293
OR2V2,-2.991615963734418
OR52E8,-2.4170492439795193
OR2Y1,-2.7290027669980996
OR1J2,-2.341657538661785
OR1J1,-2.851574157120136
OR1D5,-2.390379818103932
OR8K5,-2.5215122351429367
OR6X1,-2.4230032663280077
OR2T29,-2.7276655206718714
OR5H1,-2.7778442782743316
OR5H2,-2.9764787703221676
OR6C75,-2.730252507282512
OR6C74,-2.7192266630199766
OR6C76,-2.8245297135828977
OR6C70,-2.6996887651821906
OR4N2,-2.781776552943999
OR51I1,-2.721346334299831
OR51I2,-2.7244485946927943
OR52I2,-2.7241086300869486
OR2T27,-2.729378393006057
OR52W1,-2.839743070033796
OR5AP2,-2.7244000388196885
OR1K1,-2.718941494917551
OR2T10,-2.4619380792770458
OR2T12,-2.712906048350172
OR2M5,-2.7251905397751086
OR2M4,-2.8238169266233033
OR2M7,-2.244716491469374
OR2M3,-2.7301043163003134
OR2M2,-2.7274951513259964
OR7G2,-2.7824442632169526
OR7G3,-2.4659710545162308
OR7G1,-2.5198741840027803
OR6M1,-2.4852111402990182
OR51A7,-2.726024980625344
OR4M1,-2.724292580540584
OR4S1,-2.5664930752453157
OR4S2,0.6445453770873911
OR11H1,-2.72778466016737
OR11H6,-2.8547543881291415
OR11H4,-2.9057802194203513
OR56A3,-2.6824464658735643
OR8I2,-2.722375089784164
OR56B4,-2.7282703663636645
OR56B1,-2.7258705999323394
OR2B3,-2.5482710098077574
OR2B6,-2.9299233922719807
OR13H1,-2.7244634377575845
OR2L5,-2.725192716637375
OR2L2,-2.874656592873383
OR2L3,-2.7228367341885598
OR5AK2,-2.728946536255916
OR7D4,-2.757139951495358
OR5J2,-2.5185030341501147
OR14C36,-2.7289377304779805
FAM186A,-2.785703090757677
OR4L1,-2.7297044324963893
OR14A16,-2.496510987652474
OR2S2,-2.0868723945582843
OR4N4,-2.258733296641125
OR4N5,-2.7276903005938227
OR8H1,-2.728960047343967
OR8H3,-2.4324889893080544
OR5K4,-2.471940247472754
OR5K1,-2.730480165924902
OR5K2,-2.725129647871453
OR8H2,-2.687044593490235
OR10H4,-2.672202706372543
OR10H5,-2.9101927709763746
OR4C6,-2.5803858164992977
OR4C3,-2.72590748374986
OR10Z1,-2.843174767048332
OR52D1,-2.811072403730141
OR4Q3,-2.7307587492600356
OR9K2,-2.8706337858024074
OR5AU1,-2.8706337858024074
OR13J1,-2.727457791490818
OR5M10,-2.7290455097286133
OR5M11,-2.730480165924905
OR5L2,-2.7283537886031013
OR6N1,-2.695587326040387
OR6N2,-2.7283623770767647
OR13D1,-2.7236671665220005
OR4K15,-2.367726012160487
OR4K14,-2.7297807484222303
OR4K17,-2.8495191338335335
OR4K13,-2.72748515668509
OR4A16,-2.4222592414579904
OR4A15,-2.743317029002676
OR51S1,-2.722376476711278
OR4B1,-2.7281239120129173
OR52E6,-2.7251795350427885
OR52E4,-2.7355252273735444
OR52E2,-2.4335229368856304
OR4P4,-2.516121138058312
OR6T1,-2.4253441807062557
OR56A4,-2.6226317330900977
OR56A1,-2.817586204022117
OR2B11,-3.146203958793383
OR5M8,-2.39835992352915
OR5M9,-2.7253999662806514
OR6F1,-2.9143649009953196
OR5M3,-2.2958984612604785
OR5M1,-2.3220719641644707
OR6Q1,-2.724287089757517
OR6C2,-2.231075369950074
OR6C6,-2.8525444345323137
OR6C4,-2.434017965047432
OR5K3,-2.789672728483988
OR13G1,-2.7174270140106946
OR51L1,-2.7304801659249054
OR10J5,-2.8627469541054023
OR10J3,-2.7862163801516946
OR4A5,-2.744207937312493
USP49,0.7136277884247448
ZNF561,-0.5498652668146992
NEK5,-1.4026224671427194
ASCL4,-1.9568822131941388
ZKSCAN2,-1.1440252418362993
TMCO4,-1.2256478618966524
AC040162.1,0.6549813036221258
SAMD13,-0.16570704874305692
MAGEA3,-0.6380653773587909
TMEM161B,-0.12248672631415018
JAKMIP1,-1.1553086282058647
TRIM51,-1.3293302560148526
AC023055.1,-0.40235522942907953
CPA5,-0.812020053891759
DNAH6,-1.9081090938158034
HSPB9,0.11983973469528496
C16orf74,-1.3181199744556442
LINC00482,-1.9254507560963414
DIPK1B,0.9739786689708774
TMEM250,0.6548073189007236
DIPK1C,-0.4128467909850691
KLHL30,-1.4077345133080377
SMIM8,3.0745787666496294
CLEC12B,-1.3431833858506346
CLEC9A,-1.7414510359164241
KCNT1,-1.862614770525172
PRR5L,-1.1852171123862154
TMEM178B,-1.8950858119429983
LEXM,3.1938418194552263
YJEFN3,3.9547877538378113
PMS2P1,0.6127400396920721
FCGBP,-0.2150775369289603
HES4,-1.15008533366844
DHRS4L2,2.6736529895785393
RNF135,-0.9956786644121841
SDR16C5,-0.367918643242267
SLC45A3,-1.647502965399109
PRSS46P,-2.378683508293538
STEAP2,-1.1523466943089749
DNASE2B,-1.373816757790963
TRB,-1.1953408445633904
THEM5,-0.35890902670782127
ACOT6,-0.0705083419928267
XKRX,-0.9488407082785546
RTKN2,-0.9243647539865174
USP27X,-0.6482486528592429
HMGCLL1,1.383954596558965
FAM78B,-1.5301779398510014
IER3IP1,0.024268824297294135
BEX5,2.4563732764610386
PACRGL,-0.44960406622788185
TCEAL5,-0.7229528218768345
TSPYL5,0.8148857055725026
TCEAL7,-0.6545723813385896
ARMCX2,-0.8053044721184575
AC005520.1,1.2322722173077005
TMEM163,-1.9048676984179918
PXT1,-3.830866226950271
MCTP1,-1.8932272609407361
TP53AIP1,-1.7536125741899513
CD207,-2.1773832939549136
PRSS16,-1.376687866365171
NICN1,-0.5832452989994859
VWA2,-0.8925972025340194
DEFB121,-1.1416449050236175
ISM2,-0.5732267800037835
RNASE13,-1.8786331606547944
ANKH,-1.3349651345747444
CPXM1,-1.567467073099114
PLBD2,0.1448628520261392
RGS21,-2.227116113766033
GNRHR2,-2.5001291790544182
AC073610.2,-1.4867860424208994
ARL9,-1.6903927475021492
OTUD7A,-0.8820030368978191
PLCL2,-1.58790088774148
BMERB1,-1.350440391906636
RIC8B,-1.080781341159024
D2HGDH,8.987310448703724
C21orf58,1.9281682054859788
PHOSPHO1,-0.5863889809760696
CHTF8,-0.09399798326445273
RTEL1-TNFRSF6B,-0.16472065720340826
EYS,-2.1197062302127487
HAPLN3,-0.6550011895137093
SMIM10,1.2932981698095674
GRAMD2A,-0.9543869291315311
OR51H1,-2.6449152889787464
OR4F3,-2.345900914383402
LHFPL3,-1.3374185728612005
CLIP2,-1.1340024003414402
PRR7,-0.23218825231209606
CA13,1.3738025960678677
AFG1L,3.110678242805276
NOL4L,-1.4229901550019297
PITHD1,-0.4480612531210058
MAP3K7CL,-2.0412087292636754
AC100868.1,-0.7852854569157576
EPPIN-WFDC6,-2.2658287920339926
BSPRY,-1.530281634458149
C9orf139,-0.8633788400786614
WFDC13,-0.9803117520865354
ZDHHC2,1.2407642605377178
HSH2D,-1.6025318560214428
BHLHE22,-1.6830485600026786
SHD,2.440288204828049
SFXN5,0.08346196131114798
SLC22A24,-1.6711899004743473
TIGD2,-0.2033325721311918
PRXL2C,-0.2007332877324408
CPNE8,0.40994785934604433
TMEM18,0.5429848691223387
ZNF280B,-1.367230302460893
FSIP2,0.41496925054586703
SPANXA1,-1.229269150614994
PGA5,-0.5068794036957611
AMY1A,-1.26497655742698
AMY2A,-1.1520584979674682
LOC284412,0.7716444978912402
MESP2,-1.7868951701153186
PSTK,-0.13782178867880712
PPDPFL,-0.6446289884211533
PRXL2B,0.11983634707957817
TSPY8,1.2932981698095671
IAH1,4.685413980514945
TMEM170B,-1.739083437154268
IGKV2-40,0.5162757968894405
TRPC4,-1.8511016534320255
FAM219A,2.451026820676779
DNAH10,-2.1741054773888715
ARL8A,1.927633763087107
YIPF7,-1.06713858063024
NKAIN1,-1.8453169492373849
SYCE2,-1.5863262446994555
TMEM132E,-0.5186057911891986
RBFA,1.9162131258173385
TMEM132B,-2.466189306902949
SNX24,-1.1616598254767727
KLHDC8B,-0.3311977399653071
KLHDC7B,-1.1041540807368186
KLHDC7A,-0.4477343363933879
KBTBD12,-0.4715638003307717
DCAF12L2,-0.5303446550173782
SDHAF4,3.383323227630045
FKBP7,-1.416775826461049
FBXO16,-0.5396946933486411
SPRYD3,-0.8447273043497571
SLITRK2,-1.9420201730809086
HIST1H4G,-0.8909783849501406
H2AFB1,-0.7692486441420472
H2BFM,-0.9597016220314913
TNFRSF18,-2.0276694014332155
CCL24,-2.981385639938456
FBN3,-1.1746802434464303
WFDC12,-1.4337762471970061
KBTBD11,-0.3510422781821953
LYPD6B,-1.4581785045649334
PALD1,-0.8498888670013702
SLC5A11,-1.7223686502279074
SLC52A3,-0.16265115204467323
AC010542.3,1.5958790118133537
AKR7L,-0.5397060778069716
ZNF618,-0.4553703774417805
POTEB,-1.295105618205502
PERM1,-1.2097296382348728
XIRP1,-1.3515284926192555
TP53I13,-0.6677172484225548
BLOC1S3,-0.5514617841563041
MIOX,-1.0791985214312751
TSNARE1,-0.9251749121041283
TMCC3,-1.0040133713363386
STX16-NPEPL1,-0.840908917787529
NDNF,-2.392612841179928
SLC10A4,-1.6999471754936804
MFSD9,-1.185033346462724
SLC46A2,-1.5557874271973675
SLC18B1,-1.1157162721641736
SFT2D3,-0.5307784241067341
LEMD1,-3.378309095375109
SLC45A4,-1.4369328909556403
GSG1L,-1.3046865110181107
C12orf66,0.92604813477325
LINC00598,-0.4266134110999982
IDO2,-0.9466080335769862
ANKMY1,-1.0158300522718868
ARL15,-0.8468646819496846
C16orf54,-1.9259961383558266
AC005324.3,-1.0994013382465913
TRIM64B,-1.7274073843622444
GAS8-AS1,-3.216334138280617
TRBV2,0.43846028871020576
PCDHB10,-1.309389575296219
PKD1L2,-2.3881420332919197
F8A3,-2.4722890035811647
C10orf90,-0.9932024644935883
ST8SIA1,-1.3085558465111489
RBMY1B,-1.5227881807516015
HELT,-1.7974172995127546
TCF24,-1.991161101290353
TCF23,-1.6967356567393488
ASCL5,-1.7033752268146094
PTF1A,-1.8390615736678084
MMAA,2.5416958942536385
ACOXL,1.1853511430013837
TTC39C,-0.11386183387801481
PABPC4L,-0.3396034117480944
RNF152,-0.828271861220189
AC037459.1,-1.2661472851389286
AL365205.1,-1.1426956719694155
RNF157,-1.048515020758952
ATOH8,-1.7225063177158195
TMEM145,-2.365014615478501
PRRG1,-0.1538553886664418
KDF1,-0.5755187091004831
CMTM1,-1.8064606471403266
MIGA1,0.029018003286105487
CIPC,3.593585012235125
ZNF320,-1.3541080918813144
SPACA6,-0.9264027756750703
WNK4,-1.499500953960305
ICA1L,0.2343241603743746
MS4A14,-2.053610930943261
CCDC103,-1.6514529008320427
DPY19L2,-1.9078212494656577
TSPY10,-0.8818154379572529
ANP32D,-0.17681504864679845
ZNF385D,-2.5254199529512276
CD160,-2.019824023635567
MARCH8,-1.1458213666987986
RUFY4,-1.0622135705585858
OR1F2P,-4.145003217057622
SLC37A2,-1.2505403328290194
SLC16A9,-0.7353105753235132
NKAIN4,-2.354255993964148
BRINP3,-2.036363825501244
WDR31,-0.8289954775952355
MEIG1,-1.4302661087741444
MFSD2A,-0.977515838826255
SLC6A18,-1.8176059546232155
MARC1,0.7598330955963308
MAP1LC3B2,-0.1709764125080212
C2CD2L,-1.348060614110162
PCNX3,-0.9327032208310994
GPR157,-2.4909565018346163
HSFY2,-0.3767444766818285
SH3TC2,-2.9157324570751966
SSX4B,-1.7654562188096743
SYCE1L,-1.9878278022261944
NIPSNAP3B,-1.5217600151840094
NUDT16,0.11779264020413101
ILDR1,-1.4649204220182803
ZDHHC20,-1.0650290909673874
LDLRAD3,-1.1219944524771197
TCERG1L,-1.1063546477091113
MINDY1,-0.7841214467829732
LRRN4CL,-1.9979385146858035
RSPO1,-0.6400612613530572
UGT3A1,-1.2034716834491284
CMBL,-0.3532011352189871
IGSF9,0.011456086669369599
MYBPHL,2.7426744609763984
FRMD4B,-1.7876265799769133
SLC5A3,-0.8545084140456167
LMTK3,-0.901044963020528
HES3,-2.035703364726314
WT1-AS,-1.8110803592463791
GSTT4,-3.451341405929303
MT1A,-0.9555257767053784
ATXN7L2,2.0190008027140673
KNCN,-2.3354165397670443
TAL2,-2.0223292593653275
METTL7B,2.636102496282178
FSCN2,-2.2360912953802417
IGF2-AS,-2.345775977444122
FIGLA,-2.3724330155138937
PAIP2B,-0.6659480262807994
TRIM7,-1.013319620022442
TMEM99,0.6737466046029851
ARSI,-1.0121008453808527
TREX2,-0.33329490022710556
ZNF185,-0.9787522067062476
NCCRP1,-0.5299551679651358
PLEKHH2,-1.5981121697518152
SEMA3E,-2.3503973119507395
PIH1D3,-1.2247670294642967
NCOA7,-1.0703866130686939
TLDC2,-1.4709618208142865
CT45A6,-1.1853480517586925
CT45A5,-1.1853480517586925
ADGRG7,-2.064924834573936
GTF2H2C_2,-0.5174248979056951
CSMD2,-1.7809813099201066
KCNA6,-0.27060755411773635
LGI4,-1.5945876983953777
AC026786.1,-1.265428913465307
C17orf77,-2.5376997471917124
RNASE10,-1.3432291491369883
BFSP1,-1.0105537774100006
ELMOD2,-0.7649333411177401
AC012309.1,-2.1278160171733123
SCGB3A1,-1.6332230559407341
CCDC17,-1.4789280939821567
C22orf15,-1.3694440738144171
SNTN,-1.7999782006506617
GPR85,-2.601634234540071
RFESD,0.9842165863908192
KCNRG,-1.6118763530023565
INSC,-0.9694412896198314
MMP23B,-2.2520539182026784
ASTL,-1.6173737149879674
UCMA,-2.5646494253717917
OST4,0.6942285053117189
KRTAP1-3,-2.438609693628798
PRDM11,-2.3851561446551424
CDH26,-2.0239235069710704
PRAC1,-3.306382899063866
RPS10P5,0.5401687103626847
RPL17-C18orf32,0.42805595992312506
RPLP0P6,0.08084921839647165
UMAD1,0.3823987473936915
CATSPER2,-2.654946809113913
SEMA3D,-1.743505726872003
FAM163A,-2.5902427606950815
ZBED2,-1.2794656615118667
PPP4R4,-0.660304967364945
SETSIP,0.10807109651165692
EBF3,-1.673659344610745
IL22RA2,-2.946223795136996
EPB41L4A-AS1,0.45588545806553105
LRRC37A3,-2.2329992377418453
LRRC37A,-2.0837716600859357
AMTN,-0.6759201653101372
DOP1B,-1.2683561590533239
MAP7D2,-1.0587536797944506
ZNF385C,-0.9802469130930556
FCRL4,-1.8192860578995051
BLID,-1.6361582615615076
B4GALNT3,-1.5940209202350557
FNDC9,-2.017747844676117
MTRNR2L1,6.93197376649084
SPTY2D1,-0.6183436056674985
ZNF626,-1.5110701417666366
FAM83F,-1.03416769592932
SLC9B2,-0.6853683106647424
ARMH4,-0.48165486861283524
TEX28,-0.4748022924751179
UPK3BL1,-0.9342912666068475
KRTAP13-1,-0.656363744264185
LHFPL1,-1.3893337570445135
CCDC157,-3.9043622154497655
NPIPB5,-1.3609661991004087
SLC35G3,-1.7784721971199433
LHFPL5,-1.117023054156938
TMEM86A,-1.455958139966192
C14orf180,-0.945605711809768
SERP2,-0.7757613147198664
CCDC159,-0.1552798683540863
RD3L,-0.21473767389031176
TSPAN18,-0.7095526745336119
SPACA5,-2.6975364819255345
SYT15,-1.0211992264540917
ZNF705G,-1.388145518342906
KIF6,-1.3574780998871108
KIF12,-1.402070829817527
CLVS2,-1.0060489749610402
FAM219B,0.4453531597061783
LY6G5B,-0.32930976753585567
KIAA0754,-1.3422379139993093
LOC102724334,-2.6228850900183835
OR5H6,-2.748550734224214
BSPH1,-2.477988296709214
WNK2,-1.3600119994097326
C2CD4C,-1.482686813618341
IGLON5,-2.7772125378562316
PRRT1,-1.7482497425975134
PRRG4,-1.7053375047701995
STEAP1B,-2.0657105104593914
KCNJ13,-2.769733482359695
SHE,1.2837477709521166
RFLNB,-1.2311726254161421
CCSAP,-1.614520373910241
ZBED6CL,-1.1769083676208105
ITPRIPL1,-0.8800150729338345
C14orf177,-1.0513978316820656
UPK3BL2,-0.4764849380791848
TMEM178A,-0.5746627403988261
RGS7BP,-2.9734177188821644
OTOL1,-1.2849409919188624
C1QTNF9B,-1.0069076729212367
TIMD4,-2.334182338133771
SCGB3A2,-1.8208963984314182
BAHCC1,-0.8300088483567812
CDR1,-2.021202247056544
ANGPTL6,-1.948437592263761
PRSS36,-1.6099144598841864
SMIM5,-0.7021693978353032
ZAR1,-0.8548334486117866
C1orf53,2.4362594612577775
ISM1,-1.6918798408659068
C1orf54,-2.104966501503535
KRT8P12,1.6440163466928095
MAGED4,-0.6757801996613226
CEP295NL,-2.876525893110754
GPR149,-2.2068826576807763
ARFGEF3,-0.5396586436743568
GPR148,-1.7468549663417727
AL662899.3,-0.3293097675358465
NBPF22P,-1.6683611264030638
ACP4,-1.032341448839683
ADGRD1,-2.361272481805614
SPDYE1,-1.5521404042613172
M1AP,-1.0379163467824202
AC005670.2,-0.8970065552171347
CDIP1,-1.1117687156301623
GPR180,2.2691407650660893
C2orf76,0.0110878763220468
SVOPL,-0.9467643083318826
DCST2,-2.817407141917376
IL1F10,-1.714364968072306
PSAPL1,0.8261227085530773
IQSEC3,-2.8143484069400553
CD99L2,-0.5792755783624517
NAIP,-1.1169134842065653
MROH9,-2.0929287914237444
STON1-GTF2A1L,-0.2735990949919386
CHURC1-FNTB,0.2773809929130064
RPL36A-HNRNPH2,1.2932981698095674
ACTL9,0.8009217299286643
AC012254.2,0.9443753529944408
DHRS11,1.779533484065252
ARMH3,3.347437658625683
POLR2J3,0.27489516180753565
SPEF2,-1.5117194220062662
COTL1P1,-3.2648550619993664
AC004754.1,1.1107948113648183
ENO4,-0.004981125987890527
CRAMP1,-0.6178995363451079
SH2D3A,-1.3849653190412299
CTAGE9,-1.8468121547399465
AMN1,-0.010246722049417394
ENHO,-2.06341528981563
C9orf66,-1.9441694783899302
TMEM181,-1.1685251472609726
NIPAL1,-0.8299930722667874
NSMCE3,2.41507770116256
AC020909.1,-0.3424917831901356
TMEM218,1.1589561886989481
CSNK1G2-AS1,-2.0113013043797863
C2orf81,-1.3913543998566873
FAM43B,-0.4716105527672312
CTAG2,-1.3880084446644818
C19orf47,-0.4407950734088933
USH1G,-1.1714338945337188
ATP5MF-PTCD1,1.1878512341540082
CCDC198,-1.2307112200998707
SOCS4,-1.9213597000641747
ST6GAL2,-1.2728581738427331
TMED7-TICAM2,-2.1023285460402827
CARD16,-1.8111500299693155
SLFN13,-0.8339544437897127
C11orf21,-2.8786115868795896
KY,-0.9779304963788962
RENBP,-0.8785701000119824
POTEG,-1.2147707346940024
MFRP,-0.9658182159419992
AC020915.1,-0.9527973593507351
SH2D4B,-1.3278883122541854
AL049634.2,-2.549235040520789
MLIP,-1.52703141047258
MTERF2,2.2590963725515008
MEGF11,-0.754427261842249
FGD5,-1.5822671289554415
BORCS8,-1.2906772901013839
ZNF90,1.2932981698095674
PI4KAP1,-0.1776498552308309
CACHD1,-1.0473900317433291
TMEM189,2.385124916045629
MFSD3,-0.18441512840303861
SLC26A5,-2.2413834878258863
FAM124A,-1.2731894996972
IL18BP,-2.724179316071564
PHF13,-0.6396540073207687
ODAPH,0.4185668846197867
FOXD4L6,-0.11608900102133081
SFTA2,0.06833880717530956
CBWD2,1.197703179418839
GAGE12B,-1.3915391982704575
GMCL2,-0.9566366371319297
PROX2,-4.977459328080892
BTNL9,2.6934785436608535
FAM153CP,-0.6013842624987505
LOC100288778,-0.6013842624987684
CAPN10,-1.1074536242411637
AC138696.1,-1.6408194143784849
ITPRID1,-1.8403629196296227
GAGE12G,-1.4378880380271684
LKAAEAR1,3.085587915231086
HSP90B3P,-2.699873106906439
TNFRSF6B,-1.5764675801057104
DTWD2,-0.3272163841933776
TUBA4B,-0.05379407333671916
CCL3L1,-2.859951863286175
GPR155,-1.3532814915839264
CCDC78,0.8772289086174255
RPP38-DT,-0.2985396713192886
RHBDD2,0.37996425430504993
CST5,-1.8224635579265789
C12orf73,1.236981374396296
TMSB4XP1,0.5196362435092745
FKBP1C,0.2757311416470444
SSX4,0.1848797163578903
EGFL8,-0.21932768329769098
SMIM4,4.284511204446669
CENPC,-0.5551314893902484
AQP11,-1.7930133978190335
NKAIN3,-2.6135161737899057
AL691442.1,-1.753545655444044
PRTG,-2.527774039717893
CORO7-PAM16,-0.6642478577146232
ENAM,-1.5761427889195645
TBX15,-1.4222311748123317
BPY2C,-1.6120615804242708
LOC727751,-1.7286790841222357
INSM2,-0.15184023938465374
TMEM200B,-2.4664984576070355
SH3BP5L,-0.30550873119316374
CROCCP2,-1.5310357403592556
OR14K1,-2.445207153198787
OR2L8,-2.4201380084990074
OR52B4,-2.222342370865061
OR1B1,-2.4201380084990074
OR5D13,-2.4201380084990074
OR2W5,-2.4201380084990074
OR5AR1,-2.387686627404891
OR4E1,-2.4201380084990074
OR4K3,-2.4201380084990074
OR2I1P,-2.4201380084990074
OR2T35,-2.1300426858453494
OR4C45,-2.4201380084990074
AC135068.1,-2.219083688191228
OR14A2,-2.4609967792683825
OR51J1,-2.4201380084990074
OR4A4P,-2.4201380084990074
OR4C16,-2.4201380084990074
OR8G2P,-2.4201380084990074
OR1F12,-2.4201380084990074
OR51G1,-2.4201380084990074
OR4C5,-2.459392464438607
OR10G6,-2.4201380084990074
OR10G2,-2.3876866274048902
OR8K3,-2.3876866274048902
OR2AJ1,-2.4201380084990074
OR4Q2,-2.4201380084990074
OR11H2,-2.4201380084990074
OR6J1,-2.4201380084990074
OR4X2,-2.3876866274048902
OR3A4P,-2.4201380084990074
OR51B2,-2.460758896801497
OR8G5,-2.4201380084990074
OR8G1,-2.4201380084990074
OR52R1,-2.4201380084990074
OR10D3,-2.782987836743143
OR5L1,-2.4201380084990074
OR8U9,-2.083490855370517
OR8U8,-2.4201380084990074
OR51F1,-2.4201380084990074
OR2J1,-2.2983046077648193
OR2T11,-2.4201380084990074
OR52E5,-2.4201380084990074
LOC107987545,-2.3703451970129534
OR2T7,-2.4201380084990074
OR56A5,-2.4201380084990074
OR4M2,-2.4201380084990074
OR4F29,-2.4201380084990074
OR1S1,-2.4201380084990074
OR10X1,-2.0834908553705174
OR11H7,-2.4201380084990074
OR10A6,-2.4201380084990074
OR4A8,-2.4201380084990074
AP5S1,-0.24799116193863138
C2orf72,-1.2275111430414238
RPL21P97,4.370598736959093
UBTD2,-0.923361703754114
ST20,-2.122518855891124
DAPL1,-1.954368820995435
DACT3,-1.3720254982481261
FAM74A4,-1.5687334310113195
FBXO48,0.20887418883999323
SDR42E1,0.45478343325567555
KIR3DS1,-2.0473625601931165
SPRR2G,-1.9269322774987256
IL36B,-2.0456901858405194
LYPD5,-1.631484244513472
ADGRF3,-2.6881272564257803
CRB2,-2.042841947927765
GLYATL2,-0.7733785430529372
GLYATL3,1.8935410627013776
KRTAP6-1,-1.3268164746812892
RNF187,1.252812457587286
ZNF727,1.2932981698095674
PRR12,-0.27933681474323885
SELENOV,-0.12264723252890405
ZNF488,-0.82632085395243
NTN5,-2.152929685980506
CCDC71L,-0.9753175407039374
SLC43A2,-1.1132208854866006
PINLYP,-1.9876927646056206
ASPDH,0.05775990211481081
SLITRK6,-1.7563177514562591
LRRC75A,-2.3235547335565387
ELFN1,-1.4754226537462993
LRRC37A2,-1.756745905422677
LRRN4,-2.06523601071726
UBALD2,-0.4391540916284178
TREML4,-2.6633910261673215
SIGLEC15,-2.528444290561097
LINC00305,-1.0200499953248985
PXMP4,1.8257933262314658
C8orf37,0.47457493528910766
SPDYE3,-0.7250162967040633
ST8SIA6,-1.0445974771493456
ZNF729,-1.757676843451158
ANKRD53,-2.2132001608187957
SNHG29,-0.18797860421040807
TFAP2E,-1.1952729196369458
CITED4,-1.0473951944995996
VSIG10,-0.8901229423269714
APOL4,-1.3901501304888477
LINC01600,-1.1654462502108223
USP26,-1.221275168298432
PRR9,-1.887862965000881
ZNF728,-0.8289506856957846
SLC44A3,-0.6769493919702019
TMEM198,-1.9388030264213574
ACTR3C,-1.140082607306268
MIDN,-0.6851793937778586
WFDC9,-1.4672082217281623
PABPC1L2A,-0.40778390902618233
LY6K,-1.2405988611241294
TXLNGY,-1.758998413398691
SNAI3,-1.0183912258209273
FRA10F,-0.3543687144558371
FABP9,-1.4703904566886257
SLC25A27,1.7262723270492346
COX19,4.678535773786386
GASK1A,-1.4026777636896643
TBC1D3G,-1.5101157670392278
OTUD1,-0.7986314096471182
DMRTC2,-0.3502842433952485
TTC7B,-0.7212343056060242
OTOG,-0.562916529105648
GCNT7,-1.3143027341372748
PCDHGA4,-1.686797646937125
GRAMD1B,-1.4760458165617933
PAGE3,-0.4349997738627252
XAGE1B,-1.233145074704028
PAGE2B,-2.053941156480926
GAGE5,-1.1424750438939137
TANGO6,-0.6746908990790353
GAGE6,-1.2362640995239749
MICALCL,-0.8019722827396734
SFMBT2,-1.2604621312620448
SAMD10,-1.3238774285230315
SAMD5,-1.2027982410533407
BORCS8-MEF2B,-1.5391391137346508
BRICD5,-1.305988373243859
CLHC1,-1.1032356125321519
CAPN13,-1.3879451894238481
GRXCR1,-0.06526256428125722
C5orf63,-0.135021385944261
TRP-AGG2-6,-2.016524823248661
MORF4,-0.229415005097803
C5orf64,-0.39617596407918776
ANXA2P2,-1.2602983215118946
AL121594.3,4.183728834431519
RNF215,-1.0487420061491926
CCDC9B,-0.16245617007442195
RTTN,-0.9549252877695771
C2orf50,-0.7670619862834124
GSTT2,-0.46061566675571114
FAXC,-0.5807268800290849
SP9,-1.3948608732977064
GPR162,-1.5007190827318575
ANKRD18B,-0.8090877729036456
ANKRD20A2,-1.2370654429029055
ANKRD33,-1.5413479232633303
ANKRD34B,-1.167336066084556
POTEJ,-0.9933515696315978
POTEH,-1.2670700208270909
PIANP,-1.63291896826255
CAMK2N2,-1.414353990542032
CLEC18C,-0.36508257705397457
CLEC18B,-1.9206304055226444
ZDHHC21,-0.8604137347049496
PPM1M,-1.2691634411786896
LLCFC1,-1.1802938187780139
CD164L2,-0.43606646377968816
KCTD8,-1.310799738590455
SLC7A14,-2.194015974164781
FABP12,-2.3032350169016453
TMEM119,-2.6280297048401486
MRGPRE,-0.8154686865611903
USP17L7,-1.2401576900354152
LRRC36,-1.049655284728477
C14orf132,-2.8080765401064096
POU5F2,-2.485481726291851
SAMD11,-1.3796809770913623
CASTOR3,-0.06916997823523052
AC078927.1,0.021434993858896505
PAQR9,-0.9732725212195685
CCDC184,-0.6898140154135345
AGBL4,-0.5833089770088721
AGBL1,-2.5469710163233614
CSTL1,-1.417785425553501
OTOA,-2.93785514201929
CST11,-1.540227292081714
SPINK13,-0.7581423428846474
CFAP65,-0.7716569090980968
CLDND2,-1.2699826748221057
SPDYE2B,-0.7250162967040633
AC002996.1,0.8452924376952081
RBM43,-0.7855015120735496
TSPY4,-0.33452703742481454
LOC102723996,-2.969925274640157
STIMATE,-0.41796840929865997
ADGRD2,-2.0093579075293184
ADGRF2,-2.187638664786423
ADGRF4,-1.8644967571114712
ADGRG3,-2.0851970228655525
ZNF713,-1.452425191777725
LINC01018,-1.6542089754251945
HYAL1,-1.01372754375095
C12orf76,-1.0581573796596482
TANGO2,2.0332767363581934
C16orf91,1.180059719828005
LCTL,-0.8675003054392897
LRRC34,-1.7132230328188014
MBLAC1,-1.9895852585251637
AL117348.2,0.7131058724871759
GFRAL,-3.73243378391265
ZNF716,-1.237385916775655
TSPAN10,-0.850221548456206
WDSUB1,-0.49163093570809563
SAMD12,-1.6892151253708527
C17orf67,-1.836288098510815
CARD6,-1.7383345169604592
CARD17,-1.2913308354451973
NLRP5,-0.8605572130551392
NLRP7,-0.913365978237971
NLRP11,-0.6933506400735097
NLRP10,-1.2912445094678184
ARMC2,-0.8519651486364687
LRRC70,-1.834093885926653
DPPA5,-1.4699286133605616
HEPN1,-3.0384001008071055
CCDC73,-2.712273396197395
CXorf58,-1.188680854876651
CCDC84,-0.6631327224219656
CFC1B,-2.280500562490902
ADAM1A,-0.48708792827906294
IGHV4-31,-0.8927575630749375
RAP1BL,-0.57250226724661
SLC25A53,0.4909913625311596
ZDHHC11B,-0.6433948482599164
SPIN3,-0.9085756939351507
FAM135B,-1.4426089901153007
LINC02210-CRHR1,1.0558270808223431
PCSK1N,-0.9350009830669095
TMEM89,-2.9433484668266616
GPIHBP1,-2.11215124700335
ARL13A,-0.033323027062468695
C12orf75,-1.0240883018790612
C10orf71,-1.302464218897267
SHLD1,0.689192750763756
DSEL,-2.7095964711045655
SLC35G5,-0.7860232128296758
ERFE,-1.0178718175897032
C1QTNF8,-0.9671131751724297
C5orf56,-1.8053035492516496
C5orf38,-2.5023559864012355
SMIM13,-0.32797462305916014
KCTD14,-1.1248243070517243
FDCSP,-1.578021328180953
BPIFA2,-1.5302343814016426
INTS6L,-0.3303283413920164
ECSCR,1.5432499358012965
BPIFB3,-1.305257346475684
BPIFB6,-1.7678939126628064
FUT10,-1.323979803709926
TMEM45B,-0.7007810321310155
FBLL1,0.6453670807779611
TMEM268,-0.7646947121281887
FAM120AOS,-1.5540406085522487
LOC101930123,-0.051673331918271496
ANXA2R,-2.733504323490434
TMEM68,0.009280279938526596
TP53TG3C,-2.677641368826171
SETD9,-2.9540145859905174
PAQR7,-1.129669734832328
C5orf30,-0.6183981322886347
SKIDA1,-1.1884227375891985
XXYLT1,-0.386718950343737
RNF212,-1.1801596885731633
MOB3B,-1.0684380084720158
SLC10A3,0.03973703221006028
KIAA0895,-1.1997396988623212
CLDN12,1.354406963286851
BIVM,0.014016482999212692
SLC35E2A,0.006408595471445833
ZFP91-CNTF,-1.6478723134905575
SPIN4,0.03276506058962144
NEIL2,1.3442523149503558
IGIP,-3.4325513690203944
TMEM241,-1.4907494488187343
LRTOMT,-0.003438840589502662
FAM102B,-0.8612723768627324
XKR6,-1.5936937715192077
MIR1915HG,-2.1518469596830547
EXOC3-AS1,-1.2470115576274372
LRRC37A11P,-2.249940491149214
SPANXD,-1.488560582409475
SPANXC,-1.3997148874013385
KIAA1147,-1.2328738855868875
GCOM1,-0.4287021560028302
OBP2B,-2.045108244215511
SMLR1,-1.378734544703077
GOLT1A,-0.02487386631549434
CT45A2,0.8844670654339872
PEX11G,0.32548185743465935
MIR22HG,-2.62775721450585
ZC3H12C,-0.761098545425811
KRTCAP3,-1.6006188025457226
C5orf49,-2.0046708269184643
CDHR3,-1.5383917025928582
TTLL9,-0.7930554924309391
HSFX2,1.3858924459449677
LINC00526,-1.3990284219145732
RDM1,-0.5525336395309374
PTCHD3,-1.6448082188848392
BTBD16,-0.6667299965704174
CARMIL2,-0.7273326527854563
S100Z,-1.0491994009288772
LOC107987205,-1.097273581056176
ZNF229,-0.7938447008104706
SLC35E4,-0.8332524813477918
RFLNA,-1.2922809932323573
POTEKP,-1.206666221689286
HHLA3,-0.14125991921672887
TDRD15,0.41043317392487455
CCDC122,-0.6241585325210377
ATP5MGL,3.6684684173300677
SLC25A52,1.1213451764614937
PCARE,-0.2589759894534696
KIF25-AS1,-1.3541087122690352
RTL8B,-0.6851195867390256
TMSB4XP6,0.33895828833776964
TMSB4XP2,1.6867994667257913
PGLYRP3,-0.758360879372378
TCHHL1,-1.4166364748820117
S100A7L2,-1.7335771722162683
SPINDOC,-0.9234013467761432
LINC01194,-1.0751331945086517
C19orf67,-2.551226826523887
CHKB-CPT1B,-1.2510047067099337
PCDHGB2,-1.6369496428343022
PCDHGB6,-1.4511842397955235
PCDHGC4,-1.668324334376691
PCDHGA7,-1.478568679369178
ANKFN1,-1.6238023535377408
AC099329.3,-0.34326980036512766
CCDC197,-0.8097963178007372
CBWD6,1.0816983594121508
CBWD5,0.8112407142608992
SERPINB8P1,0.09373211147439113
RIMKLA,0.3938269538727116
LOC554223,0.7867797272505227
C2orf48,2.710688552193471
KLHL30-AS1,-0.7724443999388655
TMEM143,-0.7369339165258483
GBGT1,-1.1910641378083162
CES1P1,-0.41207033855076924
BEND6,-0.23802779500356688
SPDYE2,-0.8903245719671508
TTC34,1.2108618915998093
CCT6P1,1.1372543209630472
AC068775.1,0.8990447728795082
OPN1MW3,-1.8936586935460937
PRR5-ARHGAP8,-1.3146428211009868
OPN1LW,-2.6938586417364596
ASPHD2,-0.8529900431230897
SYT14,-1.2563103453257325
CCDC85A,-0.2776718282086
IFFO2,-0.5730677340487278
TAS1R3,-3.3641896151960133
OPN1MW,-1.9370814764356177
IL1RAPL2,-2.538818252441977
PRLHR,-2.7007883469827587
HBBP1,-2.8605655679486834
NT5C1B-RDH14,-0.2573451440263338
SYNDIG1L,-1.8085468387206696
LOXHD1,-0.8714476038066947
PLIN5,-1.23279084633988
LIPM,-0.673096073425229
GAGE2C,-0.9204368752432682
AC108488.2,0.14003002219637198
NBPF11,-0.9780741258277016
LOC105379861,-2.2307263436731453
RIPPLY3,-1.267384252812758
LOC149950,-1.1291580332753597
POM121L4P,-1.878330575860205
WTIP,-1.4478837539437617
HYKK,0.16410031536428982
AFAP1L1,-1.8905417331632421
TM4SF19,-2.4429708364594194
IGFL3,-1.7632341519071233
TMEM35B,0.5533483073392328
KLRA1P,-1.5363756238940809
RPS26P11,-0.740060227066023
OTOP3,-2.146723050213391
OTOP1,-1.7538034854937734
OTOP2,-1.4206457895749594
ZNF697,-1.374173246876971
TRIM39-RPP21,-4.734926974494806
ANKUB1,-3.7284898879193067
METTL22,1.4468385999432065
HSP90AA2P,-0.17585232296912742
AD000671.2,-1.026154546476311
CLRN2,-0.2442833499990049
CYYR1,-2.320773616713215
HRCT1,-1.6378455329959218
SHF,-1.6618468668615693
B4GALNT4,-2.0285099026624303
CCDC174,0.1848783979173882
ZNF181,-0.8946808330718669
ZNF880,-0.8693039266886642
MCIDAS,4.3578781385258445
KLHL1,-0.8965750459309967
KLHL34,-0.19882771622720508
KLHL33,0.07965451802442675
PHOSPHO2-KLHL23,-0.23589011084911968
FUOM,2.0802602454540198
TMEM63C,-2.7437953198967215
IFNLR1,-2.5086640401707747
PCDHB2,-1.3040191162397288
PCDHA11,-1.5004295847841254
HIVEP3,-1.1647680813428156
PRIMA1,-3.1025228307669908
KLHL17,-0.35365652847196466
KRBA2,-0.9858969184563213
KRTAP27-1,-1.2047301262506591
KRTAP23-1,-1.406671631775598
KRTAP24-1,-1.2047301262506591
KRTAP29-1,-1.1748080599167163
KRTAP25-1,-1.20473012625066
NUDT17,0.533109782629938
PRRT3,-0.9223108550734176
TMED8,-0.48722227838473536
HAPLN4,-1.7543729614588732
FAM129C,-2.3777554553580638
IL34,-2.153602221081775
NAT8L,-0.0889872199784982
APOPT1,0.3613418056270141
CUZD1,-2.805274670111568
RNF175,-2.0233790745632723
TSPEAR,-1.5945876983954086
TENM2,-1.3133164598787246
ACOT4,-0.12606245285601128
SLCO1B7,-1.5851058985896012
AC022335.1,-1.5868627198988308
BVES,-1.0225369499197654
SEPT14,-0.6592733118123857
LOC155060,-2.353113062265016
FAM92B,-1.437614349954734
LRATD1,-2.242987521036446
ZNF888,-1.730727765899463
RHPN1-AS1,-3.448507111155485
PRR19,-1.9820572995993762
ZNF69,-1.542180060077053
ZNRF2P1,-1.6477592264139818
IL31,-1.6968959123657754
NPIPB13,-2.1181153529019228
TTLL13P,-1.0010981130363301
TTLL8,-1.072834574728027
FAM200B,-0.6535191922246051
XIST,-0.32278249833551864
VN1R4,0.2978833708231992
TPSB2,-0.7618652675353937
HEATR4,-1.5397730092263917
ANKAR,-1.2219767539277635
IL17RE,-0.6557233271543105
SPNS3,-1.083162040424109
IYD,-0.4793883691299214
NEDD8-MDP1,-0.2889563830278486
MS4A15,-2.2850222146923733
C5AR2,-1.5460602413802838
AC004223.3,0.23462570856508974
SERPINA2,0.31114649745891415
SENP8,0.3097190811366507
TMEM139,-1.3611584792809264
FAM86B2,0.9486640117188153
LILRA3,-1.441501586086235
PCDHA5,-1.4309563806621834
LIPT2,1.5859609096501892
KIR2DL2,-2.1589980528794768
AC092647.5,1.470144260424083
TAFA2,-1.2014979973190596
TUG1,-0.7173631584288076
NAPEPLD,0.6035227146690616
TTLL11,-0.7786560844327778
FRRS1,-0.23477665823361277
DEFB4B,-2.2614197128095026
C17orf97,0.749279013423492
C16orf95,-3.111453320380137
CGREF1,-0.661708288845461
PIRT,-3.473786147461595
RBP7,-1.5416539950682737
MAGEA9,-0.5184126461884305
RBBP9,-0.051616636790927505
LIX1,-1.9613035663444718
CARMIL3,-2.218322069453292
SHISA3,-1.7937537034885118
SCIMP,-2.3344344088198548
URB1-AS1,0.7082566497947598
ESYT3,-1.1818020460428547
SLC46A1,0.28257016762294274
ARL14EPL,-0.9992999193704338
PRAG1,-0.45369237459784284
AGAP5,-1.677231625943644
NPIPB2,-1.6772316259436444
C11orf96,-1.2204703436288633
WDR72,-1.4212625791617337
BECN2,-1.8015582836645017
FAM90A26,-1.7761898262071103
POTEA,-1.7178072605501107
PCDHB6,-1.1274863056989004
PCDHB1,-1.7220618407602546
PCDHA1,-1.498808364830473
NAMPTP1,-0.17621415358429518
PANX3,-1.1508020306445434
LIMS3,-1.603322354238675
LIMS4,-4.183346317296869
SERPINA9,-2.147199849374105
MALAT1,-1.8628140925675054
SPRR2F,-1.7995870833984333
NIPAL4,-0.6575489042840971
LCE6A,-2.131200316341475
CCDC160,-0.16010960419003722
SLC29A3,-0.7584904335880808
HTR3D,-2.0190065423304664
LYRM9,-0.9221940610003989
RNF112,-1.8097299316416722
GLRA4,-2.4831532369559053
DEFB136,-1.993107878140398
DEFB105A,-2.0916634411103363
DEFB105B,-2.0976237341157677
DEFB110,-1.9663368602110045
DEFB108B,-2.0941263909869177
DEFB118,-2.1269765986137448
DEFB103B,-2.228516638357557
DEFB103A,-2.113061547416646
DEFB130B,-1.8930683919864586
PRB2,-2.0269578795197147
CCL4L1,-2.8297094988548976
MAGEB17,-1.110703809874848
TSTD1,0.8881842246780036
TOPAZ1,-0.3776966577297658
DUX1,-0.25498199567471264
TRIM6-TRIM34,0.025588870010607397
TRIM6,-0.09456442640799656
C9orf131,-1.3629988685263321
DNASE1L1,-0.5562701294100125
KBTBD3,-0.3002145238547098
TRIL,-2.076531151743201
ASXL3,-1.432046849250694
CHCHD2P9,5.056063161032553
BHLHE23,-1.8905107231338003
TMEM98,0.5010741381396605
FAM182B,-2.932291393660193
IFITM5,-2.6978339909696407
C5orf46,-0.19427667830526926
CCL3L3,-2.3537290503644273
MOSMO,-0.5555997894460509
C1QTNF6,-0.8930504603237374
LAIR2,-1.9998780789187796
DEFB131A,-0.03030985279017496
IGL,-0.8306434077184078
BTN2A3P,-3.981296462945286
ZNF761,-0.26607173813390045
TRIM61,-1.6224343426864305
TRIM60,-1.9800457683635386
EZHIP,-1.1762480007757272
ZNF772,-0.06695460622271837
C6orf226,1.4345850016463142
FAM25A,-1.7535314826903663
SHISA2,-0.5945342728663768
CDRT15,2.315663814115977
IGSF5,-2.4003076586776384
AQP10,-0.30294788877529083
ERAS,-1.7107325318284494
TAS2R45,-2.8542913919220227
NLRC3,-0.9129497715027
KIR2DS4,-1.3589056233196832
SLC16A12,-1.1299285575796794
DDTL,0.5464321109116136
GAGE12I,-1.2220418755847735
PRH2,-1.454037653468789
C2orf27A,-1.9359111526646422
C2orf27B,-1.3725942861946525
GAGE12E,-1.4378880380271684
GAGE12F,-1.4378880380271684
TLCD2,-0.5754172400934483
PEBP4,0.8532826043019448
MYEOV,-1.0665450585187035
GCM2,-1.6791744949738483
C1QTNF7,-1.3852455787183389
CBLN3,-0.8543277049041029
C1QL2,-1.2533103873808475
ETFBKMT,1.321430747855995
RHOXF1,-1.9917387087450553
NAT16,-0.772332595807992
PGA4,-1.6197151509494354
C1QTNF12,-0.9896740145284699
PRR23B,-0.6034541428557013
HHLA1,-2.152337811254539
SCUBE1,-1.7966095701287574
PTX4,-1.9402063766600284
PRR23D1,-2.9910957612659477
ADAMTS10,-0.11057448779242986
ITIH6,-1.9760843431675894
FNIP2,-0.512311110105385
PTCHD4,-0.844398592611364
VWC2L,-1.6206673403293748
ODF3B,-1.75536041402428
PLPP7,-0.8885071876279306
CRYGS,-1.5721170201331967
PRAMEF8,-0.1208089193166293
DEFB104A,4.77560959467142
C12orf50,-0.9512177621894861
STPG4,-1.5398764977466493
CEP112,-0.8249235375417959
RINL,-1.304342704414349
C3orf18,-1.0242356200543314
GPR152,-1.3075736524238484
SLC16A13,-0.7274096150212721
RP1L1,-1.7290990267064603
RN7SK,-0.7163114514509166
SNRPEP2,-0.8690108316929838
HNRNPA3P1,-1.8455284904629228
DYDC2,-1.0478842669977568
CCDC81,-1.8489770649021235
OCSTAMP,-1.9560677689774737
LINC00636,-1.084571595808814
RPL6P1,-0.38397404887123626
BIVM-ERCC5,1.2932981698095671
HHIPL1,-2.450313808517015
ANKRD20A1,-1.8038364718049005
FAM98C,0.210406860430353
AC004832.3,-0.5927561173687342
HSPA7,-0.6260226404417627
DAOA,-1.5369266706366171
ERVV-2,-1.756977365362099
ERVMER34-1,-2.900232582529835
FAM89A,-0.5048091354347126
TNFAIP8L3,-1.331438331929143
SLC45A1,-1.4814136571217946
NBPF10,-0.12823763058435095
FGFBP3,-1.9172060083549904
BAGE,3.825564738659844
TMEM155,0.042247352686562926
DEFB125,-1.946407244647043
PCDHB13,-0.9964746636093604
PCDHB8,-1.0786638064995415
TMTC2,-0.5284179909588512
NAA60,0.07625825784025388
SATL1,-0.2821088471515218
IGFL2,-1.763234151907123
SLC6A17,-1.4230316552236382
SPANXB1,-1.3240516582050401
SPANXA2,-1.317770125473642
IZUMO3,-1.4965606420398674
NEMP2,-0.011553020799634522
MFSD6L,-2.8971816931539065
TMEM240,-3.3895801257313116
PAGE5,-1.4630750606656895
TMEM253,-1.4002747144041987
TMEM252,-2.5705791510591207
MEI4,-2.7664685179377613
CCDC126,-0.24182722229839143
MAGEB18,-1.2013781981620122
F8A2,-0.8689268509706228
AC091167.3,-0.7714469190998314
VN1R5,-1.4701941913636682
LOC401052,0.5796018643965857
ZNF763,-0.7234223140466587
AC008575.1,-0.5319070190111767
SLC35F4,-0.7355754437723095
KIAA0087,-0.08146345967992888
TAFA5,-1.9764395293824473
CKLF-CMTM1,-1.001337410452585
SLAMF9,-1.5972602560561782
C9orf152,-2.0327657752502257
TSPAN19,-1.2061952853962015
HNRNPA1P70,0.8447058600032981
REXO1L1P,-0.03178554256680553
CYB561D1,0.6917587084437545
CFAP77,-1.0672501667049323
PLAC9,-1.5108126585811117
CCDC154,-0.38085983279443175
C6orf132,-1.6601228854974837
SLC22A20P,4.738948277669717
AC011448.1,4.229881819119345
SLC15A5,-0.38531906278446176
RIOX1,1.4771752274209544
KCTD9P2,-0.3997453082993533
LOC147791,-0.8523860501918583
DCANP1,-2.2777744741350046
GLIDR,-1.577297351480568
LOC148413,-1.6005621040800244
ZNF479,-0.9551087785631506
LINC01588,-1.5083300118452476
FAM27E3,-1.5875638508708247
POM121L8P,-1.9618013402424719
NWD2,-0.9694429142526109
FAM204A,1.1195826303976213
RMDN2,0.3166278375127868
HMSD,-1.9772291889690745
CLECL1,-1.624427457582237
GCSAM,-1.8874746355926464
C6orf58,-2.2089672042911115
TMEM150C,-0.6373623993679233
PLEKHG7,-1.9135251813222496
MICOS10-NBL1,-0.4691591986513345
LOC107987235,0.39622053954663333
KIR2DS3,-2.886837667379592
GAGE7,-0.9788496564913282
ATXN7L3B,0.15844192610431063
GDI2P1,-1.2606201483424493
WFDC10B,-2.6392975511108703
P2RX5-TAX1BP3,1.2122854275337684
C2orf83,-2.494944784636763
DRAXIN,-2.742411741039101
BTBD8,-0.9818967335076754
FAM24B,-0.5231981067688644
AC008764.1,-1.5001103746335624
CCDC169-SOHLH2,-2.4204851243359458
A3GALT2,-1.1910641378083329
GLT6D1,-1.191064137808333
PRCD,-1.775637829373336
SSX7,1.961289331291909
PATE1,-1.3615938908090215
RTL5,0.0045727671479887134
APCDD1L,-2.482543919159813
PRNT,-4.377191070254665
HEATR9,2.1094318360482274
CD300LG,-2.0345049307078384
CEACAM16,-2.1953620932569398
AP000295.1,-2.3784971570294102
GOLGA2P10,0.7130367978064115
PRR18,-1.2183838333555792
THAP9,2.3099255404769656
ZNF799,-0.5291753530112114
DCDC2B,-1.064791196861793
NPIPB3,-0.11191254885845736
KHDC1L,-2.890743016368156
CYS1,-1.0278715007998078
PNMA6A,-0.20043230012648822
NOTO,-2.163730763176999
PCDHA8,-1.4111510200593196
FLJ44635,1.2932981698095674
C19orf38,-1.9848278296391193
AC092143.1,-1.3701471637058413
USP17L25,-1.1481223243152776
SPRN,-1.4065204769236566
PGBD5,-1.325978482567165
POLR2J4,-0.4064663910430224
ATPSCKMT,-0.1977188486232576
FAM72B,-0.6657705083822026
PCDHA13,-1.4801759763759916
GTF2IRD2B,2.090624894465399
SMCO2,-1.3272150766266353
POTEB2,-0.8525312968315579
XAGE2,-1.0693353792710458
ANKRD20A4,-1.04871142522092
ANKRD63,-1.1267123546451494
NBPF20,1.2932981698095674
TMEM170A,0.6577138114723331
PALM3,-2.117706151450401
AC068775.2,-2.102177612195988
KLRF2,-1.5112938587156806
EFCAB10,-2.2864499724397875
EFCAB12,-1.803535401803035
C15orf61,0.25255759792564225
TMEM52,-1.9439490804905435
IGHV1OR15-9,-0.5460618579814861
ARPC3P1,-0.8340644262512174
STOX1,-0.8481265207281654
RAB1C,-1.718012445418076
MAGED4B,-0.3542141442641322
USP17L23,-0.8841424191698218
WASH2P,-0.9404004686901011
FAM20A,-1.3519313343611956
AGAP11,1.5325037518765183
DIRC3,-1.5354889621733654
TBC1D3B,-0.14547591116909805
AGAP9,-0.14547591116909805
SCGB1C1,-1.4200879398734223
TMEM270,-1.3744235177717323
LDLRAD2,1.0745803817736206
SLFN12L,-0.4369498682606655
STOX2,-1.9778202903013238
DEFB114,-1.9546447245940142
DEFB132,-3.6748793850863244
ZNF286B,-0.9752324917139311
SHISA4,-3.30964099893101
MT1B,-1.6300160177970706
MT1DP,-1.2013698156289139
CCDC26,-1.4011087115558487
BMS1P1,-1.1598331888433073
SNHG11,-1.2721198208565823
MGC39584,-1.3100564158589514
SLC25A45,3.844816475955399
GK3P,2.320355336200472
MMEL1,-0.27103072547370055
GPHB5,-1.6505266137450456
PGBD2,0.28206281274559747
RPL9P8,-0.3463938799495154
BTBD19,-0.5813962237064199
CDC42EP5,-0.502254990903397
UBALD1,0.41432631026459255
SHROOM1,-1.2672575021242618
C17orf58,-0.4064663910430224
RFTN2,-0.1805815204650222
LY6G6E,-2.6030745523803445
USP17L26,-1.1051229627314418
USP17L24,-1.10512296273144
TINCR,2.6557773379925904
FAM218A,2.6557773379925904
RUSC1-AS1,0.4192057678402888
TMIGD2,-1.716129637214006
NXNL2,0.07169543644859341
TDH,1.2915961181001863
GPR119,-2.0678375393901365
MKRN4P,0.5115504927333686
ZNF738,-1.0887172525312176
LINC00846,-1.669340873470479
IRAK1BP1,-0.39576549513523857
TATDN3,2.6871272185596133
PADI6,-1.1687517764528557
PWWP3B,-1.0994931641248242
AC003002.1,0.33259172073732707
MINAR1,-0.3175429100096233
WDPCP,-0.4800640736875296
ZNF705D,1.405439099493081
NIPA1,-0.014303715534518919
TESPA1,-1.3491264491267403
RRP7BP,0.5966805015562259
TMEM136,-0.8011234393858542
MROH1,0.7995026220814192
MEG3,-2.1877120186053896
TMEM37,-1.2595489850258221
TRAPPC2B,-0.30033819805067785
UBE2Q2L,1.6057162147131026
AWAT1,-0.3144922156939035
BTBD11,-1.070941615668893
AC004997.1,-3.6929986157523262
CD177,-2.0108806261278516
SPINK8,-1.2928385363581136
ATP6AP1L,-0.6610808202304119
MAGIX,1.4636571246280445
HMCN2,-1.5971359805740433
KIR3DX1,-2.0944732072345515
RIMBP3C,-1.0523553301974429
AC010422.3,-0.8735915961773371
FAM166B,-1.9545115889626634
MSANTD1,1.1218533912279354
FAM229B,-0.20036420931047125
FOXO3B,-1.3385562326218874
AC005837.2,1.0229532840889695
NRN1L,-2.8410897794536676
DEFB127,-0.926711984806461
LOC100653061,-0.7510403954115351
HMGB1P1,-0.3363946328561716
AC104831.1,-0.5373193076955037
ERMARD,-1.3871636739914426
LAYN,-1.5182074411991147
SVOP,-1.6872444666611155
CCDC142,-1.5136605487981072
CCDC30,-1.825622731995818
TRABD2B,-0.8322203417953176
FAM45BP,0.1411491945259078
PPP1R3G,-0.7806806932513211
GREB1L,3.753724910411197
NT5DC4,0.4755816868565942
TMEM255B,-0.30514065884422437
DEFB115,0.35873748578439346
TEDDM1,-2.1269765986137776
PMS2P3,0.6167181986504112
HOTAIR,-1.5935206194753289
RPL4P5,-0.7981918458497799
C9orf135,-1.4602434116617105
UGT2A2,-1.1441401114868452
FAM9C,-1.1178879552381522
CDCP2,-2.7153367369844252
PLPPR5,-1.1441845749320112
SHROOM4,-0.6544161681143096
CCDC171,0.6460181677531882
LYSMD4,-0.4211135086996483
TDGF1P3,-3.1121150178665977
SYCN,-1.2506629611661515
SCARF2,-0.7183097735416034
GPRIN3,2.881775900677812
AQP12B,-2.0473742973505766
AQP12A,-2.230880763016302
C1orf127,-0.7630593215309528
GAGE4,-0.9788496564913283
THEGL,-3.17084361697928
AC099850.2,-0.6248714656623732
C8orf86,1.7486504243857242
DCDC1,-1.2168444733540813
IGHV3OR15-7,-0.03319175266098564
ZNF846,-1.3266595554488874
ZNF525,-0.6938669286831348
SUPT20HL1,-0.40128880643365106
PRAMEF17,0.7803497161901221
RPL35P5,-0.87367102613134
ZNF804B,-0.8217311419577356
ZNF732,0.5190899751956615
ZNF737,0.5190899751956615
ZNF705A,0.1453358681287265
ZNF658,0.1453358681287265
FLJ38668,-1.1127567342213698
TMEM234,-0.9614907751008871
LOC729603,-1.2138781182159175
NBPF9,1.2932981698095674
TMEM235,-3.6137420032206733
ABO,-1.282283436873178
TMEM74,-1.1223133730914352
C2orf66,0.8879070913208393
PI4KAP2,-2.887351609632137
SERINC5,-0.14066475109670426
MS4A18,-2.7298179755246674
TMEM132D,-0.6027398329205438
DNAJB3,-0.3839748481002242
LOC153684,-1.1797150367584648
TCL6,-1.740587525550955
GOLGA8DP,-1.5839364580740416
CYTL1,-2.640606313970374
VWDE,-1.5227380556816064
LYPD8,-4.312650773302806
CCL4L2,-1.8021756798471833
LINC00656,-1.55618973235015
FAM178B,-0.977746003713795
TRDC,-3.549877545087151
FRRS1L,-2.18951182201683
KRTAP10-4,-0.9983620682463861
LIPN,-0.7528489006298269
CASTOR1,-0.7419712172916451
CASTOR2,-0.43462429534257335
NUTM2F,-1.038911546431971
PRR22,0.18441571778705448
GOLGA8R,-0.40714311544302456
GOLGA8H,1.2932981698095674
PRKY,-0.5544962280800543
WG,-3.0979579611795485
CTAGE8,-0.9911007906651825
CLEC4F,-1.290793200691139
MAP6D1,-0.9741092351871887
GAGE2B,0.6073427264540109
SMIM24,1.2932981698095674
OPN1MW2,-1.598444398928339
RBBP8NL,-1.0267147231369094
PIPSL,0.12150452190726509
DEFB124,-0.786009436282964
LRRC3C,-2.186703495464473
LRRC53,-2.5224519894725006
PATE3,0.10036507927047086
MT1P3,-1.6802421229828617
RNASEK-C17orf49,-0.9971819556187692
CCDC140,-1.2812536276634707
GUCY2EP,-2.6779975183768756
SVBP,-0.1895155573308144
RNF121,-1.3923467696256948
C11orf40,-2.290520089517591
AP000350.4,-0.002315432390756718
C15orf65,-0.79136706778419
KAAG1,-1.7829178746083905
VWA5B2,-0.7765466848210417
DCAF8L2,-1.0675175979208373
ALKAL1,-3.6038987693593962
LINC01465,-2.9094489511006585
AC068896.1,0.9152965775257875
PPP1R2C,-0.03599289966297288
AC090527.2,1.277077216594716
AC110275.1,1.2408286241873803
WNK3,-1.3029495505925253
HIGD2B,-4.327439556164252
TMEM179,-2.979190911870731
CCDC141,-1.554103614379301
SRGAP2C,-0.507394844602068
FAM180A,-3.10839013327049
EGOT,-3.037446277247523
AC048338.1,-0.7435491676625752
LINC00265,-1.0572654880689312
ZFP92,0.9101981879411305
CALHM5,-0.21759105670496764
PRSS3P2,-2.3003319201278694
MINDY4,0.10441006659771515
SPACA5B,-2.728882591974717
TMIGD1,-1.0388023932917247
CYP4F8,-1.497164095767632
C4orf47,-2.523145382428286
ZNF205-AS1,-0.20397374069761448
LOC142937,-1.9254507560963414
EEF1E1-BLOC1S5,0.26510598983273553
AL110118.2,-0.6354578713006551
CCSER1,-1.8194108345588889
AC026464.3,-1.0272574398059255
AC026464.1,-0.390044885330085
TRN-GTT2-1,-0.16215088910258865
BHMG1,-2.813231293540605
CLLU1,-1.4888339904650054
HPF1,-0.37358234438818094
PDPK2P,-2.5892157169728427
NUTM2B,-1.2907932006911462
NUTM2A,1.2932981698095674
CGB1,-0.7524272421392607
EEF1A1P5,-1.6198047017719923
INAFM1,-1.0600931895235997
ZC3H12B,-1.6297786283473732
TMEM150B,-1.5625173039575149
TMIE,-3.399319435413975
STRC,-1.92487312962871
CYB5D1,-0.3323180409858597
KIR2DS1,-1.4690141971954678
CLEC19A,-1.5859679387016279
IGKV3D-7,-2.807575575662811
CORD1,-1.1375713111599097
TBC1D3H,-1.3457614043505506
RP9P,-0.21332915683700232
CT45A3,-0.5977365264601807
SPANXN4,0.5796018643965855
TPRG1,-3.339594747055672
LOC613037,-2.317168584190199
DEFB106B,-2.0640474587576674
C1orf74,-1.4692566154913618
EEF1B2P5,-1.8308931114368383
PQLC2L,-2.865957082834898
SPRR2C,-0.2702951923232675
BHLHA9,-2.9696499237230642
C15orf54,-1.0822765873437348
CLEC2L,-0.33207865580659857
MT1L,-1.2685885317912606
ARPIN-AP3S2,-0.024167672678665177
PPIAL4D,-2.2272359474741403
TBC1D27P,-0.5590148750194377
VNN3,-0.4441226349064159
PLET1,-4.312650773302807
PRSS41,-4.312650773302814
MDGA2,-1.2405988611241294
ZNF182,-2.616932874731339
FAM163B,-0.12574112580153915
CDRT4,-0.7756953608514372
ZNF630,-1.0795325266709117
REXO1L6P,-2.8538949855281244
CRIP3,-1.5093053929551503
GLTPD2,-0.036768522088791736
C10orf120,-1.8846522214983858
C4orf48,0.31424092586523705
NPIPB9,-1.6115269599500626
ARMCX6,-0.7076484382239813
RBMY2FP,-0.3270084102965825
CT83,1.2932981698095674
LYZL6,-0.09205604007498581
AL359922.1,-0.35110913428489066
C2orf15,-0.39647381738342335
SIGLEC16,-2.0679081310781644
ILDR2,-0.3904254638345576
HSBP1L1,-0.9082802849639193
ARMCX4,1.157725705135866
TIFAB,-2.789142448237586
C11orf42,0.09285832790085068
TRIM77,1.2932981698095674
XKRY2,-0.540143972287771
RNU1-4,3.7261004484417994
RNU2-1,3.7261004484418
ZNF275,0.814266670084995
BAGE3,-3.037446277247523
CXorf40B,3.7567744418529925
LOC344382,-0.3373200315185759
DEFB104B,3.239578980767871
AP001458.2,3.2194950909163857
FCRL6,-2.421253223728644
SNAP23P1,-0.614036531981937
IGSF23,-1.9296716490137555
CTXN1,-0.48592621177613593
LINC00312,-1.508218820971397
SHOC1,-1.7093305046872107
ST13P4,-1.1876689040020758
PLD5,-0.7017717264772084
GOLGA6L10,1.2932981698095674
TMEM114,-1.6454786240216732
CRYGB,-2.2717679947424667
AL589666.1,-0.7639321176114539
BEND4,-0.701483768824926
FAM184B,-0.9918728329109142
NBPF8,-0.5105726441590899
C20orf197,-3.037446277247523
RPSAP58,3.2126099395209136
SMIM17,-0.19496275256072976
PCDHB4,-1.1640622275321635
CFAP54,-0.16507522604164485
CR1L,-2.106473084109989
NBPF14,-0.7499965537903006
NBPF12,0.0004020045381810856
GAGE12C,-1.4378880380271684
TMEM121,-0.6124192566732124
C20orf203,-1.3808880343007446
KIR2DS5,-1.2876031643919932
CEMP1,-0.9437898118313386
HDL3,-4.490109911787223
TMEM44,-1.7192580700458147
LINC00242,-1.3574450040378463
TMEM169,-0.8014897324237645
C4orf51,1.2932981698095674
GBA3,-1.5099364389332368
POTEM,1.2932981698095671
ZHX1-C8orf76,1.2932981698095671
TMEM183B,1.2932981698095674
KCNJ18,1.2932981698095671
PLEKHD1,1.2932981698095674
ZNF730,1.2932981698095674
ZNF735,1.2932981698095674
ALG1L2,1.2932981698095674
ZNF717,-0.09831335591462156
ZNF865,-0.8720795813840724
ASAH2B,-0.11789035391329515
C16orf47,1.2932981698095674
MROH6,-0.49251481591760543
TRIQK,0.5223251538316146
GPR179,1.2932981698095674
HNRNPCL3,1.374832403306918
C8orf34,-0.15389714202445806
TRIM49B,1.2932981698095674
IGKV2D-29,-0.4381369819034738
IQCJ,1.2932981698095674
HSPE1-MOB4,1.2932981698095674
NEURL3,-0.01620141937281686
FAM72A,-0.19883005772443096
RPS10-NUDT3,0.599570708864529
POTEB3,1.2932981698095674
C20orf96,-0.2754021779350326
CTAGE15,1.2932981698095674
SUPT20HL2,1.2932981698095674
ELFN2,-0.19021491465527138
GUCY1B2,-1.8946977159543361
SMCO3,0.25049178145128
ZC3H12D,-1.9736340706429631
ATRNL1,-1.7370715808196182
ATG9B,3.62447708282064
GEMIN8P4,-1.9157005862795844
OTOS,-0.7288635983251864
LINC00518,-1.0653828014318572
LPAL2,-1.4374945880869452
TVP23A,-0.05769805322414844
CRYGN,-1.432882693896027
C17orf102,3.693274957274627
FAM160A1,-0.501377615325867
CT47A11,-2.677460203952225
TMEM132C,-0.545533268047862
CC2D2B,-1.4770572529805355
VWA5B1,-0.7548476555945365
CFAP61,-3.2228901641090903
DIRC1,0.2393690404949676
MYMK,-0.9511069147860653
NPM2,1.2257876265493737
TCIM,-2.991205605041793
PRY2,-3.8571234728906956
GABARAPL3,-0.5701433930485703
CYP4Z2P,-0.4245550556024423
CRSP5,-2.304618637787576
ZNF891,2.0004010697511108
ADM5,-1.8088755729755772
AC138811.2,-0.2851607090023963
C3orf80,-0.33539349012209235
CD163L1,-1.9063673057265433
XKR9,-0.948840708278543
PIN1P1,-2.1564781362449903
PAGE4,-2.6809041019885935
CEACAM4,-2.641677714745325
AC008770.3,-1.3440229370912244
TMEM121B,-1.5464185787238711
FAM74A1,-1.6206382269461381
FMO6P,-2.6471246636185297
KIR3DP1,-1.0637434128770824
TAC4,-1.8682724497558023
C1orf189,0.768576048596208
DLX6-AS1,-0.09871221447027083
C16orf89,-1.6733465584790446
SPATA31A3,-3.1557770478723617
UCN3,-6.368500972311303
FAM222A,-2.982748134341395
KRTAP9-7,0.8198659746651958
SIAH3,-2.9187823143154596
EXOC3L2,0.5806710100717805
C12orf74,4.949481682619337
TRNAG1,-1.1037120991614469
PPP1R2B,0.11120267662881766
C9orf163,0.4347802182015504
MRNIP,-1.9412568420504048
TRPC2,-2.1883417122448385
C2orf74,-0.4268795838848849
FAM217A,0.9193374051122823
CDHR4,-2.9916880798421404
ANKRD33B,-0.7314517902170881
DDX12P,1.3359365604064204
PRR29,-1.6967875673962192
PPIAL4E,-0.9540755981418761
INTS4P2,-1.1370745725636109
GPR137C,1.9421053897669573
ST20-MTHFS,2.0354321583018433
WASH6P,1.3277869502656805
CARF,-2.2040930004360813
VCX3B,-2.3300550767009964
GGT3P,1.5963250440079026
ERV3-1,-1.1703437714216274
VSTM1,-0.8776464706387077
EIF3FP3,0.8440890964255238
RPL13AP17,-1.1915580548886402
MRRFP1,2.9460844188422053
C16orf46,-1.5517536513581291
FREM3,-1.2996165312408565
SLFN14,2.1975623658018146
ARHGEF33,-0.7622500308881298
AFG3L1P,-0.8298531109431176
SSX6P,3.825564738659844
ETV3L,-1.7825769195766261
ITPRIPL2,-1.267311541001649
PRSS40A,-0.9938279065653318
AC013269.1,-0.9938279065653319
NAP1L6,-0.34583340586732625
IFI27L1,-0.742002933381417
LINC00588,-1.9254507560963414
C6orf222,-0.9904824578950301
STAG3L1,1.4136431031333698
VWA3A,-1.36096342730629
ASB16-AS1,-2.520489036819254
TMEM236,-2.1590566319807944
XKR3,-1.8980292723468677
GAGE2E,-1.3915391982704577
ZNF702P,-1.1938095259641537
NPIPA7,-1.0320228741840745
EEF1DP3,1.498504895611077
NCF1B,-4.285323416059148
LY75-CD302,0.01950839656473996
XG,-0.8801205422578098
CXorf40A,-1.2548124168468777
RNASE8,-1.3874597122538979
GOLGA2P11,0.02935859036252618
C12orf42,-1.9630147938186757
OC90,-1.422089801632623
C2CD4D,-1.3480606141101399
C2CD4B,-1.48268681361831
UBE2L1,2.085276986913911
PDXDC2P,-1.1727873911317606
AC135050.2,0.061518836125754435
C8orf58,-0.1411168203892687
SMIM2,-1.0537208190864618
JAKMIP3,-2.831002063227203
MUSTN1,-2.4014474444235567
MAMDC4,-0.7090739559548662
NAT8B,-1.017548389639696
PABPC1P1,-1.3320297992747407
C1orf158,-2.330955506053276
ERICH6B,-4.333311351570719
DUX5,1.4893110044836215
TMEM117,-0.8343202940632574
SEBOX,-1.8824845414660722
MAGEA5,-1.881007432237677
AC011479.1,-0.00856969536894818
PRR23D2,-2.9910957612659663
XKRY,-0.540143972287771
ZNF767P,-0.119795699962316
ALKAL2,-3.732143355918655
PRR23A,-0.6034541428557013
ANKRD26P1,-0.7716191782777948
CLPSL2,-1.4210472740021602
C9orf85,1.7094750523646567
CD200R1L,-2.01561222788629
H2AFB3,-0.7037426150880534
SLC10A6,-1.751938891370246
OR4F16,-2.3028219338293536
KRTAP3-4P,-0.8779827768110057
C8orf88,-1.4852085995860802
NPIPB15,3.2275796646781116
RFPL3S,-3.5385198200755776
CYTOR,-0.4167755029384315
C22orf34,-1.656347951009426
IZUMO2,-1.4965606420398674
LYG1,-3.3058943919498174
SEC14L6,-1.7301806769599561
RPL23AP32,-2.3986144015945805
MIR4435-2HG,-0.4167755029384314
GLOD5,-1.1375713111599097
TMEM26,-2.406957092576046
RAD51AP2,0.7078041659753427
AC010422.6,-1.9821317667814835
PLEKHA8P1,-0.563475690731898
MGC34796,-2.887351609632137
CD300LD,-3.4858939524431296
SLC10A5,-1.8773153767585498
BAGE4,0.35873748578439346
FAM181B,-3.0111522050832797
TPT1P8,0.4578049059238381
