GENE	DLB	AD	FTLD	ALS	PD
ACER3	0.75334	0.21285	0.29443	0.49511	0.83308
ACOX1	0.072306	0.83272	0.64655	0.13233	0.24128
ADAR	0.85104	0.041105	0.97025	0.12831	0.78215
ADPRS	0.99399	0.5455	0.68192	0.4533	0.9745
AGA	0.044464	0.37559	0.37536	0.4165	0.86818
AMT	0.62084	0.55261	0.69253	0.81532	0.20682
ARG1	0.2562	0.46847	0.55137	0.37995	0.739
ARSA	0.10217	0.74053	0.90551	0.65936	0.23262
ASAH1	0.1694	0.94682	0.0024576	0.80504	0.13114
ASL	0.9518	0.22769	0.7819	0.86277	0.63011
ASPA	0.78948	0.88229	0.3755	0.96975	0.023637
ASS1	0.52801	0.41051	0.054358	0.10553	0.19607
ATM	0.81237	0.49643	0.47708	0.37057	0.54569
ATN1	0.40197	0.36863	0.8378	0.56288	0.014262
ATP13A2	0.90405	0.10525	0.20275	0.00056942	0.037795
ATP1A2	0.40341	0.34997	0.25168	0.30133	0.011694
ATP1A3	0.91251	0.019579	0.39176	0.57859	0.10891
ATP7B	0.048876	0.28471	0.89689	0.55683	0.41945
ATXN7	0.67665	0.50612	0.39079	0.80284	0.49879
BCKDHA	0.41444	0.39713	0.13816	0.76253	0.46738
BCKDHB	0.55093	0.10485	0.15555	0.83169	0.2003
BSCL2	0.44032	0.13226	0.93966	0.47266	0.11079
BTD	0.80495	0.60016	0.71743	0.68922	0.053882
C12orf57	0.093057	0.082346	0.94284	0.58429	0.00052557
C19orf12	0.88848	0.24545	0.93805	0.83029	0.3923
CACNA1A	0.65254	0.73717	0.36285	0.05066	0.46073
CLN3	0.71371	0.17382	0.04953	0.00076196	0.016236
CLN5	0.40803	0.5037	0.69416	0.34725	0.34667
CLN6	0.55406	0.012899	0.18483	0.47852	0.015623
CLN8	0.39518	0.57339	0.84706	0.50909	4.1572e-09
CLPB	0.2466	0.59395	0.13996	0.61176	0.2804
CNP	0.16986	0.35787	0.98869	0.0029942	0.8417
COASY	0.32325	0.44449	0.35881	0.54216	0.0026169
CPS1	0.3062	0.61213	0.70575	0.70596	0.96221
CSF1R	0.39884	0.53531	0.74727	0.068664	0.42452
CTC1	0.78964	0.24587	0.2058	0.0076387	0.017441
CTSA	0.067338	0.51412	0.19456	0.49612	0.0051564
CTSD	0.30386	0.076973	0.22142	0.75877	0.83156
CYP27A1	0.85905	0.21586	0.98647	0.00048419	0.6561
DBT	0.023306	0.39304	0.64343	0.35494	0.20673
DCAF17	0.8017	0.26881	0.86311	0.92045	0.72748
DLAT	0.67398	0.61318	0.4182	0.49629	0.32882
DLD	0.43725	0.81058	0.28769	0.10776	0.57154
DNAJC6	0.57405	0.36179	0.63726	0.70099	0.33697
DPAGT1	0.38914	0.14597	0.58326	0.34395	0.023121
DPM1	0.86844	0.42415	0.57685	0.48761	0.6234
EIF2B1	0.14676	0.83339	0.086366	0.46295	0.25007
EIF2B2	0.81641	0.10477	0.81726	0.05137	0.88529
EIF2B3	0.9268	0.0018504	0.63169	0.49862	0.96636
EIF2B4	0.15401	0.93571	0.146	0.46822	0.20199
EIF2B5	0.33622	0.19039	0.76307	0.15256	0.55931
EPM2A	0.70646	0.2523	0.1559	0.17009	0.035826
EPRS1	0.25403	0.75276	0.65072	0.13549	0.33486
ERCC2	0.79657	0.00044504	0.030587	0.047779	0.17224
ERCC5	0.83204	0.98154	0.96014	0.75269	0.24809
ERCC6	0.28786	0.26505	0.10161	0.23663	0.14514
ERCC8	0.41619	0.076985	0.57592	0.081102	5.429e-14
FA2H	0.089853	0.29501	0.26089	0.16613	0.13031
FAH	0.22868	0.15069	0.82538	0.32673	0.44933
FAR1	0.054097	0.062253	0.42196	0.97471	0.071571
FOLR1	0.90039	0.066234	0.6283	0.6349	0.26767
FUCA1	0.34358	0.20335	0.40744	0.35292	0.56231
GABBR2	0.75546	0.298	0.63047	0.25486	0.39037
GALC	0.43259	0.22974	0.93999	0.66491	0.00022289
GAN	0.3849	0.54618	0.9897	0.80259	0.2668
GBA	0.035031	0.66935	0.1922	0.0063275	8.6534e-05
GBA2	0.52306	0.5311	0.1792	0.91511	0.11974
GCDH	0.042288	0.56898	0.33306	0.45025	0.99777
GCH1	0.39465	0.32472	0.62815	0.3338	3.1253e-14
GCSH	0.51078	0.69818	0.5317	0.11892	0.10958
GFAP	0.60869	0.39825	0.19304	0.13165	8.4329e-06
GLB1	0.88055	0.21429	0.35208	0.077255	0.61625
GLDC	0.66048	0.56603	0.288	0.24011	0.002658
GM2A	0.14659	0.91141	0.05169	0.76494	0.51846
GNPTAB	0.39155	0.70148	0.4452	0.9374	0.04192
GNS	0.11556	0.017385	0.84511	0.00091041	0.86247
GPHN	0.6748	0.31411	0.81475	0.42254	0.24173
GSS	0.83751	0.10754	0.56961	0.058166	0.14844
GUSB	0.8181	0.44226	0.79157	0.48396	0.087099
HEPACAM	0.49299	0.1119	0.63344	0.11621	0.14593
HEXA	0.58473	0.9632	0.25887	0.29106	0.016463
HEXB	0.012123	0.45629	0.13142	0.93929	0.94076
HGSNAT	0.59595	0.53522	0.4128	0.10322	0.046331
HIBCH	0.83511	0.74569	0.22805	0.050574	0.32445
HLCS	0.62141	0.29518	0.90994	0.52143	0.085672
HPDL	0.61087	0.2521	0.78601	0.56419	0.30456
HSD17B4	0.18538	0.91014	0.4782	0.15137	0.11236
HTT	0.17116	0.83957	0.8486	0.61552	0.15542
IDUA	0.034812	0.12761	0.43087	3.7017e-05	5e-10
IFIH1	0.039989	0.43033	0.29522	0.60516	0.21159
IRF2BPL	0.47055	0.83249	0.54114	0.18853	0.741
IVD	0.61738	0.50105	0.018395	0.24472	0.80815
KARS1	0.59347	0.22335	0.61169	0.53663	0.39918
KCTD7	0.93463	0.90139	0.81756	0.85088	0.16376
KIF1A	0.38144	0.15647	0.39137	0.15758	0.34868
L2HGDH	0.627	0.09124	0.17031	0.32081	0.13095
LRPPRC	0.42627	0.34809	0.50477	0.2086	0.68794
MAN2B1	0.90229	0.59228	0.12465	0.017806	0.94888
MANBA	0.98061	0.83969	0.56903	0.53418	0.26428
MCCC1	0.23935	0.47107	0.8547	0.20914	1.4336e-12
MCCC2	0.62784	0.76387	0.15059	0.15222	0.31188
MCOLN1	0.78035	0.62552	0.0056317	0.74616	0.86407
MED27	0.14071	0.33319	0.78455	0.34455	0.65381
MFSD8	0.048349	0.98804	0.35791	0.13263	0.14304
MGAT2	0.41029	0.67537	0.85339	0.43529	0.80039
MMACHC	0.11796	0.89281	0.74109	0.32984	0.82591
MMADHC	0.5332	0.70608	0.6868	0.85418	0.69051
MMUT	0.11069	0.049709	0.05251	0.53913	0.025844
MOCS1	0.2833	0.62577	0.62622	0.49259	0.64158
MOCS2	0.82922	0.058628	0.76218	0.68873	0.67301
MTHFR	0.18004	0.015887	0.64177	0.44958	0.30763
MTR	0.65499	0.24197	0.74243	0.74328	0.56251
MTRR	0.045124	0.92899	0.61596	0.097719	0.44515
MTTP	0.38766	0.39361	0.44356	0.012138	0.014814
NAGA	0.30112	0.77327	0.99847	0.25336	0.20874
NAGLU	0.12046	0.31179	0.051664	0.53092	1.9763e-06
NAGS	0.52115	0.083117	0.71263	0.55744	0.34526
NAXD	0.13435	0.045487	0.87261	0.18937	0.4683
NAXE	0.44467	0.19924	0.67551	0.12038	0.51871
NBN	0.68799	0.4002	0.59907	0.47903	0.57242
NHLRC1	0.79586	0.41519	0.65082	0.18657	0.24152
NLRP3	0.84631	0.14853	0.27959	0.038407	0.53075
NPC1	0.48565	0.72647	0.59223	0.73579	0.95498
NPC2	0.45033	0.892	0.028356	0.80778	0.13081
PAH	0.94423	0.019634	0.51921	0.21314	0.76371
PANK2	0.36437	0.62371	0.33448	0.0035125	0.579
PCCA	0.39206	0.81356	0.25814	0.80413	0.19191
PCCB	0.63191	0.19522	0.65295	0.43612	0.42938
PDHB	0.55325	0.92775	0.36423	0.076024	0.00036251
PDHX	0.86433	0.24256	0.53175	0.99883	0.45727
PDP1	0.043308	0.48702	0.65433	0.56817	0.68627
PEX1	0.40038	0.57511	0.48203	0.49666	0.56469
PEX10	0.36683	0.57086	0.8351	0.14431	0.84634
PEX11B	0.90852	0.80298	0.4566	0.48485	0.23446
PEX12	0.52468	0.29701	0.64377	0.41589	0.0022513
PEX13	0.11544	0.024767	0.96251	0.25124	0.023994
PEX14	0.78041	0.26238	7.5048e-05	0.24999	0.75348
PEX16	0.47671	0.083629	0.51365	0.17928	0.1158
PEX19	0.059484	0.12305	0.43124	0.032638	0.26858
PEX2	0.14636	0.9215	0.71737	0.092812	0.011379
PEX26	0.34989	0.19396	0.10672	0.081631	0.081531
PEX3	0.29867	0.34578	0.11297	0.79302	0.73543
PEX5	0.25591	0.9595	0.9521	0.72201	0.64254
PEX6	0.37083	0.17097	0.82081	0.75325	6.0389e-05
PLA2G6	0.17655	0.37397	0.55593	0.11679	0.092744
POLG	0.92928	0.4702	0.9961	0.46315	0.88433
POLR1C	0.73265	0.058916	0.1376	0.0038107	0.70318
POLR3A	0.073785	0.14509	0.94378	0.42678	0.46901
POLR3B	0.30562	0.58015	0.33055	0.52941	0.11247
PPT1	0.79742	0.52689	0.15232	0.017709	0.021769
PRDX1	0.13765	0.734	0.74378	0.18434	0.80871
PSAP	0.33733	0.09633	0.23209	0.64569	0.02707
PTS	0.54441	0.44092	0.44444	0.57102	0.25928
PYCR2	0.54601	0.10829	0.76327	0.26403	0.48696
QDPR	0.85716	0.063848	0.6832	0.98424	0.35055
RNASEH2A	0.15926	0.18756	0.36999	0.054725	0.93998
RNASEH2B	0.31342	0.02504	0.63287	0.57153	0.96775
RNASEH2C	0.57664	0.23115	0.97011	0.88833	0.29315
RRM2B	0.57973	0.038901	0.61839	0.10353	0.25722
SAMHD1	0.24584	0.75499	0.29249	0.20131	0.60825
SERAC1	0.38636	0.54102	0.045833	0.45277	0.062522
SERPINI1	0.63575	0.061924	0.66873	0.35562	0.89975
SETBP1	0.70141	0.38592	0.64733	0.7233	0.059574
SGSH	0.83684	0.51746	0.93544	0.64682	0.18871
SLC17A5	0.86222	0.2506	0.57985	0.50151	0.83484
SLC19A3	0.47763	0.079911	0.83331	0.065795	0.71922
SLC1A3	0.26284	0.45176	0.50976	0.33765	0.73921
SLC25A13	0.24211	0.88556	0.087726	0.7474	0.17815
SLC25A15	0.57547	0.8792	0.15031	0.23347	0.63041
SLC25A42	0.28853	0.42392	0.79734	0.6227	0.078821
SLC39A14	0.85542	0.9734	0.054633	0.54109	0.007356
SLC44A1	0.95113	0.63449	0.55379	0.081289	0.016021
SLC5A6	0.50325	0.52317	0.0099463	0.73972	0.55952
SMPD1	0.74628	0.54411	0.26745	0.29393	0.011328
SPG11	0.81779	0.61469	0.32517	0.19301	0.56861
SQSTM1	0.29823	0.0072458	0.61382	0.13711	0.098853
ST3GAL5	0.76128	0.76398	0.34037	0.42057	0.022191
SUMF1	0.22828	0.7229	0.97586	0.86024	0.79225
SUOX	0.0039563	0.11763	0.31523	0.75859	0.59604
SURF1	0.73309	0.95726	0.25651	0.39301	0.68561
SYNJ1	0.32635	0.72456	0.54773	0.29436	0.34679
TANGO2	0.75385	0.15956	0.40866	0.087995	0.25215
TBC1D2B	0.56908	0.53202	0.65689	0.88479	0.86972
TBCD	0.76247	0.64461	0.55052	0.41651	0.015088
TBCE	0.82069	0.31447	0.28185	0.94623	0.08067
TBP	0.89224	0.92506	0.33813	0.12238	0.16197
TPP1	0.30351	0.15076	0.31656	1.2037e-06	0.00027746
TRAPPC12	0.81287	0.74023	0.21551	0.92914	0.035529
TREX1	0.66208	0.71584	0.4756	0.22374	0.045666
TUBB4A	0.17534	0.9081	0.36132	0.97685	0.041301
TYMP	0.055063	0.41262	0.723	0.23448	0.33687
UBTF	0.31209	0.97215	0.84988	0.14879	0.0060617
XPA	0.49258	0.98965	0.34373	0.23053	0.0093831
ZFYVE26	0.6444	0.94051	0.5391	0.23943	0.89642
ZNHIT3	0.47867	0.46686	0.16981	1.9502e-06	0.66454
